6
11
16
36
37
39
52
53
56
70
102
103
108
112
117
120
124
126
134
141
145
148
159
170
182
188
189
202
217
223
227
229
230
241
243
249
260
262
270
272
275
277
279
288
289
292
298
310
316
317
319
328
334
337
344
350
351
364
365
370
371
374
379
381
383
390
394
402
404
408
411
419
420
422
424
426
432
435
439
440
443
451
453
455
457
459
462
465
468
474
475
482
498
500
503
508
515
522
523
528
529
532
534
549
563
567
570
572
583
588
589
594
603
622
626
637
641
654
657
664
671
675
680
682
685
693
697
702
703
706
714
726
731
732
733
735
738
741
744
745
749
754
755
759
769
776
778
781
785
793
796
799
800
802
806
807
808
810
823
839
841
845
848
852
861
867
885
886
887
888
891
896
901
903
908
912
913
919
927
931
933
944
945
949
954
960
961
965
969
970
977
980
985
995
997
999
1003
1006
1009
1013
1028
1032
1037
1038
1046
1052
1060
1064
1065
1066
1068
1069
1074
1076
1085
1088
1091
1093
1097
1112
1113
1117
1122
1124
1126
1134
1141
1151
1152
1158
1171
1175
1176
1180
1186
1191
1196
1197
1199
1209
1218
1223
1234
1238
1251
1259
1263
1265
1266
1273
1281
1294
1297
1299
1304
1306
1308
1320
1324
1328
1331
1334
1335
1337
1343
1345
1350
1351
1357
1358
1361
1367
1389
1393
1395
1398
1402
1404
1406
1415
1417
1426
1427
1433
1434
1436
1443
1447
1453
1454
1459
1462
1464
1470
1473
1476
1481
1489
1506
1508
1515
1518
1521
1523
1524
1528
1529
1533
1539
1548
1549
1557
1561
1570
1571
1572
1578
1584
1588
1597
1600
1602
1606
1607
1609
1612
1613
1615
1619
1625
1626
1640
1655
1671
1674
1676
1680
1690
1691
1692
1695
1697
1701
1703
1708
1711
1714
1718
1726
1728
1730
1733
1734
1744
1748
1749
1750
1753
1755
1761
1766
1768
1775
1776
1777
1782
1792
1795
1798
1806
1819
1834
1838
1842
1845
1851
1853
1872
1874
1875
1890
1892
1897
1911
1918
1930
1933
1942
1946
1947
1953
1977
1978
1979
1983
1993
2001
2003
2004
2005
2009
2010
2021
2025
2030
2031
2040
2044
2050
2053
2056
2060
2064
2087
2089
2092
2099
2106
2109
2113
2115
2118
2119
2124
2127
2137
2138
2139
2152
2165
2169
2171
2185
2188
2190
2192
2193
2194
2196
2211
2212
2215
2216
2232
2233
2236
2238
2251
2254
2268
2270
2273
2275
2280
2281
2282
2287
2288
2292
2301
2303
2305
2320
2322
2323
2325
2328
2329
2331
2338
2342
2348
2357
2366
2369
2371
2376
2377
2378
2379
2380
2384
2390
2401
2402
2405
2421
2425
2426
2434
2445
2446
2447
2463
2467
2473
2477
2490
2496
2499
