1
2
5
6
10
13
15
19
20
21
23
27
30
31
32
33
34
36
37
38
39
40
41
42
43
44
45
46
47
48
51
52
53
54
55
56
58
59
60
64
65
66
70
72
75
76
79
80
81
82
87
89
90
92
94
97
100
103
105
106
111
114
116
117
118
119
120
122
123
124
128
131
132
133
134
135
136
137
138
139
140
141
143
144
146
149
150
154
156
158
159
160
161
164
165
168
171
172
174
176
177
179
180
186
187
189
190
192
194
195
196
200
207
209
212
213
214
218
220
221
223
225
226
227
228
229
233
234
237
239
242
244
245
249
252
253
254
255
257
258
260
262
263
264
265
266
267
268
269
272
274
275
276
277
278
279
283
284
285
289
290
292
293
302
304
305
307
308
309
310
311
312
314
319
321
323
325
326
328
332
333
335
336
337
338
339
340
343
344
345
346
347
349
351
353
354
356
357
358
360
361
362
365
369
370
372
373
374
375
377
378
383
385
386
387
388
389
391
395
396
399
401
402
404
405
407
408
410
412
414
415
420
421
422
423
425
426
427
428
429
431
432
433
435
436
437
439
441
442
447
448
449
450
454
457
458
461
462
463
464
466
467
468
469
470
471
472
473
474
475
477
479
480
482
484
485
488
489
490
492
493
495
497
499
501
504
505
506
508
511
515
518
519
520
521
522
524
525
535
536
537
538
539
541
542
543
544
546
547
549
550
552
554
557
558
559
560
562
563
564
566
567
568
569
572
574
576
577
578
579
583
587
588
589
590
593
594
595
596
598
599
600
603
607
610
611
612
615
616
621
622
625
626
628
629
630
631
632
634
636
637
638
639
641
642
644
645
646
648
649
650
651
652
653
655
656
660
661
664
665
667
668
670
671
672
674
675
676
677
680
681
683
684
685
687
692
694
695
699
700
701
702
703
704
705
706
707
710
712
714
715
716
717
718
719
723
724
725
726
727
728
730
731
733
736
737
739
740
741
742
743
744
745
746
748
749
750
751
752
753
754
755
756
758
759
762
764
765
766
767
768
770
771
772
773
776
778
779
780
781
783
784
785
789
791
792
793
797
801
803
804
805
809
810
811
817
822
825
826
827
831
832
833
834
836
837
840
841
845
849
852
853
854
859
860
861
862
863
864
865
866
868
869
871
872
873
875
879
880
882
883
884
888
889
890
891
892
893
894
896
897
900
901
902
903
904
905
906
907
909
911
914
916
919
920
921
922
926
927
929
930
931
932
933
934
935
936
937
938
942
943
944
946
948
952
953
954
956
958
959
964
965
966
967
968
970
971
972
973
975
977
978
979
981
982
986
987
989
990
991
993
994
998
999
1000
1002
1003
1004
1007
1008
1009
1010
1013
1016
1018
1019
1020
1021
1026
1027
1029
1030
1031
1032
1035
1037
1041
1044
1046
1048
1049
1052
1053
1055
1056
1058
1059
1061
1062
1064
1066
1067
1070
1071
1073
1076
1077
1078
1079
1082
1083
1085
1086
1087
1089
1091
1092
1094
1096
1098
1099
1100
1102
1103
1105
1107
1108
1109
1110
1111
1112
1113
1114
1116
1117
1118
1124
1125
1126
1128
1132
1134
1135
1137
1138
1141
1143
1145
1148
1149
1150
1154
1158
1160
1161
1166
1167
1170
1172
1175
1177
1179
1180
1181
1182
1183
1184
1187
1188
1191
1193
1194
1195
1196
1199
1201
1202
1204
1209
1213
1217
1218
1219
1220
1221
1222
1225
1226
1229
1232
1233
1235
1236
1238
1239
1240
1241
1242
1243
1246
1248
1249
1250
1252
1253
1254
1255
1256
1260
1262
1263
1264
1265
1266
1267
1268
1269
1270
1271
1275
1276
1279
1284
1285
1286
1287
1288
1292
1293
1296
1298
1300
1301
1304
1305
1306
1307
1309
1310
1311
1313
1314
1316
1317
1318
1319
1320
1321
1322
1325
1326
1327
1329
1330
1331
1332
1333
1334
1335
1336
1338
1339
1340
1341
1342
1344
1347
1349
1351
1352
1353
1354
1355
1357
1358
1359
1360
1362
1363
1364
1368
1369
1374
1376
1378
1382
1385
1389
1390
1394
1395
1396
1397
1398
1399
1400
1401
1402
1404
1406
1408
1410
1412
1414
1415
1416
1421
1422
1423
1424
1425
1426
1428
1429
1430
1431
1433
1434
1436
1437
1438
1439
1443
1444
1445
1446
1447
1448
1450
1452
1454
1456
1458
1459
1460
1462
1463
1464
1465
1467
1468
1470
1471
1473
1476
1477
1478
1480
1481
1482
1484
1485
1486
1487
1488
1490
1491
1492
1494
1496
1498
1499
1500
1505
1508
1509
1510
1511
1512
1513
1515
1516
1518
1520
1521
1522
1524
1525
1526
1528
1529
1530
1531
1532
1535
1536
1537
1538
1539
1540
1542
1543
1544
1546
1547
1549
1550
1551
1552
1553
1554
1555
1556
1557
1560
1561
1562
1563
1566
1567
1568
1569
1571
1572
1573
1574
1576
1577
1579
1581
1584
1585
1586
1587
1588
1591
1592
1595
1596
1597
1599
1600
1604
1605
1606
1607
1608
1610
1611
1612
1613
1614
1615
1617
1618
1619
1620
1621
1624
1625
1627
1628
1630
1632
1633
1634
1635
1636
1638
1641
1643
1644
1645
1647
1649
1650
1651
1652
1654
1657
1658
1659
1660
1661
1662
1663
1667
1668
1669
1671
1672
1673
1674
1675
1677
1679
1680
1682
1683
1684
1685
1686
1687
1691
1693
1694
1697
1698
1701
1702
1704
1705
1709
1713
1714
1715
1717
1718
1722
1724
1731
1732
1734
1735
1736
1738
1739
1740
1741
1742
1745
1748
1750
1751
1752
1754
1755
1757
1758
1761
1763
1764
1766
1769
1770
1771
1773
1774
1775
1776
1777
1778
1779
1781
1782
1786
1787
1788
1793
1794
1795
1797
1798
1799
1800
1801
1804
1805
1806
1807
1808
1809
1811
1812
1813
1814
1815
1817
1818
1819
1822
1826
1827
1828
1829
1830
1831
1832
1834
1835
1836
1839
1841
1842
1843
1844
1846
1848
1850
1851
1854
1856
1857
1858
1859
1862
1863
1865
1866
1867
1868
1871
1872
1876
1878
1879
1883
1885
1886
1888
1889
1890
1892
1894
1896
1897
1898
1899
1900
1901
1904
1905
1906
1908
1909
1910
1913
1916
1917
1919
1920
1922
1925
1926
1927
1929
1930
1931
1932
1935
1937
1939
1940
1941
1942
1943
1944
1946
1947
1948
1956
1957
1958
1961
1963
1964
1966
1967
1970
1971
1972
1974
1976
1977
1978
1981
1982
1983
1984
1988
1991
1992
1996
1997
1999
2000
2001
2002
2003
2004
2005
2006
2009
2013
2014
2018
2020
2021
2025
2026
2027
2028
2029
2031
2032
2033
2034
2039
2043
2044
2046
2049
2051
2052
2053
2054
2057
2058
2060
2061
2062
2063
2065
2068
2071
2072
2074
2075
2079
2080
2082
2086
2087
2088
2090
2091
2092
2093
2094
2098
2099
2103
2104
2105
2108
2115
2117
2118
2119
2120
2121
2122
2124
2125
2127
2128
2129
2130
2132
2133
2135
2136
2137
2138
2140
2141
2142
2143
2145
2146
2147
2148
2151
2152
2153
2156
2158
2159
2162
2163
2165
2166
2167
2168
2169
2170
2171
2172
2173
2174
2177
2178
2179
2180
2181
2183
2184
2186
2189
2191
2192
2193
2194
2197
2198
2200
2201
2204
2206
2207
2212
2213
2214
2215
2216
2219
2223
2225
2226
2228
2229
2230
2231
2232
2233
2234
2236
2237
2238
2239
2240
2241
2242
2243
2244
2246
2251
2252
2253
2255
2256
2258
2260
2264
2266
2268
2271
2273
2274
2275
2280
2283
2284
2285
2288
2289
2293
2294
2296
2297
2299
2300
2301
2302
2304
2306
2308
2309
2310
2313
2314
2316
2317
2318
2319
2320
2322
2324
2325
2326
2329
2330
2331
2333
2334
2335
2338
2341
2343
2345
2346
2347
2351
2352
2353
2354
2356
2361
2362
2363
2364
2365
2366
2367
2369
2374
2377
2381
2382
2383
2384
2387
2388
2393
2394
2395
2398
2399
2400
2401
2403
2405
2406
2407
2409
2411
2412
2414
2415
2416
2417
2418
2419
2421
2423
2424
2425
2426
2427
2428
2432
2433
2435
2436
2437
2442
2443
2445
2446
2448
2449
2450
2451
2452
2453
2454
2456
2457
2458
2459
2461
2462
2463
2464
2465
2467
2468
2469
2470
2475
2476
2478
2479
2483
2485
2486
2489
2490
2491
2493
2494
2495
2496
2497
2498
2501
2502
2506
2509
2510
2514
2518
2519
2520
2521
2522
2523
2524
2525
2526
2527
2528
2530
2532
2534
2536
2539
2540
2541
2542
2544
2545
2548
2549
2551
2552
2553
2554
2555
2556
2557
2558
2559
2560
2562
2563
2565
2566
2567
2568
2569
2572
2573
2574
2575
2576
2579
2581
2582
2585
2586
2587
2588
2592
2594
2597
2598
2599
2600
2604
2605
2606
2607
2608
2611
2612
2613
2615
2616
2617
2618
2620
2622
2623
2624
2625
2627
2628
2629
2631
2633
2634
2635
2636
2637
2638
2639
2641
2642
2643
2644
2646
2650
2661
2662
2664
2665
2666
2667
2669
2670
2671
2672
2676
2677
2679
2680
2681
2683
2684
2685
2688
2690
2692
2693
2694
2695
2700
2703
2704
2707
2709
2711
2712
2715
2716
2718
2720
2722
2723
2725
2727
2728
2729
2731
2732
2734
2736
2738
2739
2740
2741
2742
2745
2746
2748
2749
2750
2753
2756
2758
2760
2764
2770
2771
2772
2773
2774
2775
2777
2778
2781
2782
2784
2786
2788
2789
2790
2792
2794
2795
2796
2797
2800
2802
2803
2804
2806
2811
2813
2814
2818
2819
2820
2821
2822
2824
2827
2829
2830
2832
2833
2834
2835
2836
2838
2840
2843
2847
2851
2855
2859
2860
2861
2862
2864
2866
2869
2870
2871
2873
2874
2875
2876
2877
2879
2881
2883
2884
2887
2888
2889
2893
2897
2899
2901
2902
2903
2904
2905
2908
2909
2910
2911
2914
2915
2918
2919
2924
2925
2927
2928
2930
2931
2933
2936
2937
2940
2942
2943
2947
2949
2950
2951
2954
2955
2956
2958
2960
2961
2962
2965
2966
2967
2968
2974
2975
2976
2977
2980
2983
2984
2987
2988
2989
2990
2991
2992
2996
2997
2998
2999
3000
3002
3003
3007
3008
3010
3011
3013
3014
3016
3018
3019
3021
3022
3023
3025
3026
3027
3028
3031
3032
3033
3036
3037
3039
3041
3042
3043
3044
3046
3047
3054
3055
3056
3058
3060
3062
3063
3064
3065
3066
3067
3068
3071
3073
3074
3075
3077
3078
3079
3082
3087
3088
3089
3090
3092
3093
3095
3099
3101
3102
3103
3104
3105
3107
3109
3110
3111
3112
3114
3115
3116
3120
3121
3122
3123
3125
3126
3127
3131
3132
3133
3135
3136
3137
3138
3140
3141
3142
3146
3147
3148
3149
3153
3156
3158
3160
3162
3166
3168
3169
3170
3171
3175
3176
3178
3180
3184
3185
3186
3187
3188
3190
3191
3193
3194
3196
3197
3198
3199
3202
3205
3206
3207
3209
3212
3214
3215
3217
3218
3219
3220
3221
3222
3224
3225
3226
3228
3229
3231
3232
3235
3236
3237
3238
3240
3241
3242
3246
3247
3248
3249
3250
3252
3254
3256
3257
3259
3260
3261
3263
3266
3267
3268
3269
3270
3271
3272
3274
3276
3277
3278
3279
3282
3283
3286
3289
3290
3291
3292
3294
3295
3296
3297
3298
3299
3300
3303
3304
3305
3306
3307
3309
3310
3311
3312
3313
3317
3318
3319
3323
3325
3327
3328
3330
3331
3333
3335
3336
3338
3342
3344
3345
3346
3347
3348
3350
3352
3353
3354
3355
3357
3358
3359
3360
3361
3363
3364
3367
3370
3371
3372
3373
3378
3380
3381
3382
3383
3384
3386
3388
3389
3392
3395
3396
3397
3398
3402
3403
3404
3405
3407
3408
3409
3411
3412
3413
3415
3416
3417
3419
3420
3422
3424
3426
3427
3428
3429
3432
3433
3437
3439
3440
3441
3442
3443
3444
3445
3446
3447
3448
3451
3452
3456
3457
3459
3463
3464
3465
3466
3467
3468
3469
3470
3472
3473
3474
3476
3477
3478
3479
3483
3484
3489
3490
3491
3492
3496
3498
3500
3501
3503
3504
3505
3507
3508
3512
3513
3515
3516
3519
3520
3521
3523
3525
3526
3529
3530
3531
3532
3533
3534
3536
3537
3538
3539
3540
3543
3545
3548
3549
3553
3556
3558
3560
3561
3562
3563
3565
3566
3567
3570
3571
3572
3575
3576
3577
3578
3579
3581
3582
3584
3585
3586
3587
3588
3589
3593
3598
3600
3601
3602
3603
3604
3605
3606
3607
3608
3610
3612
3613
3614
3616
3617
3618
3622
3623
3624
3625
3627
3628
3635
3636
3637
3638
3639
3640
3641
3644
3646
3647
3650
3651
3653
3656
3657
3658
3661
3664
3665
3666
3667
3668
3669
3670
3671
3673
3674
3675
3676
3678
3680
3683
3685
3686
3689
3694
3695
3696
3697
3700
3701
3704
3705
3706
3708
3709
3710
3712
3713
3714
3715
3717
3719
3720
3721
3722
3724
3725
3726
3727
3728
3731
3732
3736
3737
3738
3739
3742
3746
3747
3748
3752
3755
3756
3759
3760
3761
3762
3763
3764
3765
3769
3770
3771
3772
3775
3776
3777
3778
3779
3780
3781
3784
3786
3787
3788
3789
3790
3791
3792
3793
3797
3798
3800
3801
3804
3806
3807
3808
3809
3810
3813
3815
3816
3817
3820
3824
3825
3827
3828
3830
3831
3834
3835
3836
3837
3838
3839
3843
3844
3848
3849
3850
3853
3854
3857
3858
3859
3860
3861
3862
3865
3866
3867
3868
3875
3878
3884
3886
3887
3889
3891
3894
3895
3896
3897
3899
3902
3904
3905
3906
3907
3911
3914
3916
3917
3919
3921
3923
3926
3928
3929
3930
3931
3932
3933
3934
3939
3943
3944
3945
3947
3948
3949
3950
3951
3952
3953
3954
3956
3957
3958
3962
3966
3968
3972
3974
3975
3976
3977
3980
3982
3983
3985
3987
3990
3991
3992
3994
3995
3997
3998
3999
4001
4002
4004
4005
4006
4007
4008
4009
4011
4013
4014
4015
4016
4017
4018
4021
4023
4026
4028
4030
4033
4037
4039
4042
4043
4044
4047
4048
4049
4051
4053
4056
4057
4058
4060
4062
4063
4065
4066
4067
4068
4069
4070
4072
4073
4074
4075
4079
4086
4088
4089
4090
4091
4092
4093
4096
4097
4099
4100
4102
4103
4106
4109
4111
4112
4114
4115
4116
4117
4118
4119
4120
4121
4123
4125
4126
4127
4129
4130
4131
4132
4136
4137
4138
4139
4141
4142
4144
4145
4148
4150
4151
4154
4155
4157
4160
4161
4165
4169
4170
4173
4174
4175
4176
4178
4180
4181
4183
4185
4189
4190
4191
4194
4195
4196
4197
4201
4202
4203
4204
4205
4206
4209
4210
4211
4215
4217
4218
4219
4221
4224
4226
4227
4228
4229
4230
4232
4234
4240
4242
4243
4244
4245
4246
4248
4249
4250
4251
4252
4255
4257
4260
4261
4262
4263
4264
4265
4267
4268
4270
4272
4274
4277
4280
4281
4282
4283
4285
4286
4287
4290
4291
4292
4293
4296
4298
4300
4304
4305
4306
4307
4309
4312
4314
4316
4317
4322
4323
4324
4325
4326
4329
4330
4331
4332
4333
4334
4337
4338
4339
4340
4341
4342
4343
4345
4346
4347
4349
4353
4354
4355
4357
4358
4359
4360
4363
4364
4365
4366
4367
4369
4370
4372
4373
4374
4375
4379
4380
4382
4383
4385
4387
4388
4390
4392
4393
4395
4396
4397
4398
4401
4403
4404
4405
4407
4409
4410
4411
4412
4413
4414
4415
4417
4418
4422
4424
4425
4426
4429
4430
4432
4436
4438
4439
4443
4444
4445
4450
4452
4453
4458
4459
4460
4461
4462
4463
4464
4466
4468
4469
4472
4474
4475
4476
4480
4481
4484
4485
4486
4488
4490
4491
4492
4494
4495
4499
4500
4501
4502
4503
4506
4507
4509
4510
4513
4515
4516
4518
4519
4520
4522
4523
4524
4526
4527
4528
4529
4530
4531
4532
4533
4534
4535
4537
4539
4540
4541
4543
4546
4547
4548
4549
4551
4555
4557
4558
4559
4561
4562
4565
4567
4569
4570
4571
4573
4574
4577
4578
4579
4580
4582
4583
4585
4587
4589
4590
4592
4593
4595
4596
4597
4598
4599
4601
4602
4603
4605
4606
4608
4610
4615
4617
4618
4619
4620
4621
4622
4625
4626
4627
4633
4634
4635
4637
4638
4640
4641
4642
4645
4648
4649
4652
4656
4657
4662
4664
4665
4666
4669
4670
4671
4672
4675
4679
4680
4683
4686
4687
4689
4691
4695
4697
4698
4701
4702
4703
4704
4706
4707
4708
4709
4715
4716
4718
4719
4724
4726
4727
4728
4730
4731
4733
4735
4737
4738
4739
4740
4742
4743
4744
4745
4747
4748
4749
4750
4751
4752
4754
4755
4756
4757
4759
4763
4765
4768
4770
4771
4774
4775
4777
4779
4780
4782
4784
4785
4786
4787
4790
4791
4793
4794
4795
4798
4800
4801
4802
4804
4805
4806
4807
4810
4811
4813
4816
4818
4820
4822
4824
4826
4827
4828
4829
4832
4834
4836
4839
4840
4843
4844
4845
4846
4848
4850
4851
4853
4854
4855
4856
4857
4859
4860
4861
4862
4863
4864
4865
4866
4868
4869
4871
4872
4875
4876
4877
4878
4879
4880
4881
4882
4883
4884
4889
4890
4893
4897
4898
4905
4907
4908
4910
4913
4914
4915
4916
4917
4919
4923
4924
4928
4930
4932
4936
4937
4938
4939
4941
4942
4944
4947
4948
4949
4951
4952
4954
4955
4958
4959
4960
4962
4965
4966
4968
4970
4971
4973
4974
4975
4976
4977
4979
4981
4982
4983
4985
4986
4989
4990
4992
4995
4997
5000
5001
5002
5004
5007
5008
5009
5010
5011
5016
5019
5021
5023
5024
5027
5028
5029
5030
5031
5032
5034
5036
5039
5041
5044
5045
5049
5050
5051
5052
5054
5058
5059
5060
5061
5064
5066
5067
5068
5069
5070
5072
5073
5075
5077
5080
5081
5082
5083
5084
5086
5087
5088
5091
5092
5093
5094
5095
5097
5099
5100
5101
5104
5105
5107
5108
5109
5112
5115
5117
5119
5124
5125
5127
5129
5132
5134
5135
5139
5140
5141
5143
5144
5146
5147
5149
5150
5152
5153
5154
5155
5156
5159
5161
5162
5164
5166
5167
5168
5170
5171
5172
5173
5174
5177
5178
5180
5181
5182
5183
5184
5185
5186
5187
5188
5190
5192
5194
5195
5198
5200
5201
5202
5204
5205
5206
5207
5209
5212
5213
5215
5217
5218
5221
5222
5223
5226
5228
5229
5231
5232
5233
5236
5238
5239
5241
5243
5246
5247
5249
5250
5252
5254
5255
5257
5259
5260
5263
5264
5265
5266
5267
5268
5269
5271
5272
5274
5276
5278
5279
5280
5281
5283
5284
5285
5286
5288
5289
5290
5291
5294
5296
5297
5298
5301
5302
5303
5305
5306
5307
5308
5309
5311
5315
5317
5318
5319
5321
5324
5326
5327
5329
5330
5331
5332
5333
5334
5335
5336
5337
5338
5339
5340
5341
5342
5345
5346
5347
5348
5349
5350
5352
5353
5354
5356
5358
5360
5362
5363
5364
5365
5367
5368
5370
5371
5374
5378
5382
5384
5386
5388
5389
5390
5391
5392
5394
5396
5399
5400
5401
5402
5404
5405
5408
5411
5413
5416
5417
5418
5419
5421
5422
5425
5426
5427
5431
5433
5434
5435
5436
5438
5446
5447
5448
5451
5452
5453
5454
5455
5456
5458
5459
5460
5461
5465
5467
5468
5469
5470
5471
5473
5474
5476
5477
5480
5481
5484
5486
5487
5488
5489
5490
5494
5496
5502
5503
5504
5505
5506
5507
5508
5509
5510
5513
5514
5515
5517
5520
5521
5522
5524
5526
5527
5528
5529
5530
5531
5532
5533
5534
5535
5536
5537
5538
5539
5540
5541
5543
5544
5545
5547
5548
5552
5555
5558
5559
5560
5561
5562
5563
5564
5566
5567
5569
5570
5571
5572
5574
5576
5577
5579
5581
5582
5584
5587
5588
5589
5591
5594
5596
5598
5599
5603
5605
5606
5608
5609
5612
5613
5616
5617
5618
5619
5620
5621
5622
5623
5624
5625
5626
5629
5630
5632
5633
5634
5636
5639
5640
5641
5642
5643
5644
5646
5647
5648
5649
5651
5653
5654
5655
5656
5657
5658
5659
5660
5661
5662
5663
5664
5665
5666
5670
5671
5672
5673
5676
5677
5679
5680
5681
5682
5683
5684
5685
5692
5693
5695
5696
5697
5698
5701
5702
5703
5706
5707
5708
5709
5710
5715
5717
5718
5720
5721
5722
5723
5725
5726
5727
5729
5730
5732
5733
5734
5735
5737
5738
5741
5743
5744
5745
5747
5748
5750
5751
5753
5754
5755
5757
5761
5763
5764
5766
5767
5768
5771
5772
5776
5777
5778
5780
5781
5782
5785
5786
5787
5788
5790
5793
5794
5795
5796
5797
5798
5800
5802
5804
5805
5807
5809
5810
5813
5814
5815
5817
5818
5819
5820
5821
5823
5824
5825
5827
5828
5829
5835
5838
5839
5843
5844
5845
5847
5848
5849
5852
5853
5854
5858
5859
5863
5866
5867
5868
5869
5870
5871
5872
5873
5874
5875
5877
5878
5879
5880
5882
5883
5885
5886
5887
5892
5894
5895
5896
5897
5898
5899
5900
5902
5903
5904
5906
5912
5913
5918
5919
5923
5925
5928
5929
5931
5932
5934
5935
5936
5937
5940
5944
5945
5947
5948
5951
5953
5954
5960
5962
5964
5965
5969
5970
5971
5972
5975
5977
5979
5980
5981
5982
5983
5985
5989
5991
5992
5993
5994
5995
5996
5998
5999
6000
6001
6003
6004
6006
6008
6010
6011
6013
6014
6015
6016
6017
6019
6022
6023
6024
6025
6027
6028
6029
6030
6032
6035
6037
6039
6040
6041
6042
6045
6047
6050
6051
6052
6054
6055
6058
6059
6060
6063
6064
6069
6070
6071
6072
6073
6075
6077
6078
6080
6084
6085
6086
6088
6090
6091
6093
6094
6097
6098
6100
6101
6102
6104
6105
6107
6110
6111
6113
6114
6115
6117
6118
6119
6120
6121
6125
6126
6129
6130
6132
6133
6134
6135
6136
6138
6139
6140
6141
6144
6149
6150
6151
6153
6154
6155
6157
6158
6159
6160
6161
6162
6164
6165
6166
6167
6168
6169
6170
6171
6172
6173
6175
6176
6177
6178
6179
6181
6182
6183
6184
6185
6186
6187
6188
6189
6190
6191
6192
6193
6194
6198
6199
6201
6202
6203
6205
6207
6209
6210
6212
6214
6216
6217
6218
6220
6221
6222
6224
6226
6227
6228
6229
6230
6231
6232
6233
6234
6235
6236
6238
6239
6240
6243
6245
6246
6248
6249
6250
6252
6253
6254
6255
6256
6257
6259
6261
6264
6265
6267
6268
6271
6272
6275
6278
6279
6280
6282
6284
6286
6289
6291
6292
6294
6297
6300
6301
6304
6305
6306
6307
6310
6311
6312
6314
6317
6319
6324
6325
6327
6328
6330
6332
6334
6337
6338
6341
6343
6344
6345
6346
6348
6350
6354
6355
6359
6360
6361
6364
6366
6367
6370
6371
6372
6373
6375
6376
6377
6378
6382
6383
6384
6385
6387
6389
6396
6397
6399
6402
6404
6406
6409
6410
6412
6415
6416
6419
6420
6422
6423
6424
6425
6428
6429
6430
6431
6432
6434
6435
6439
6440
6441
6445
6449
6450
6451
6452
6453
6454
6455
6457
6458
6459
6460
6462
6463
6464
6466
6467
6468
6474
6478
6479
6480
6481
6482
6483
6484
6486
6487
6488
6489
6490
6491
6492
6493
6501
6502
6504
6506
6507
6508
6509
6510
6511
6512
6513
6514
6515
6517
6518
6519
6520
6521
6523
6524
6526
6527
6528
6530
6531
6532
6533
6535
6536
6537
6538
6539
6543
6544
6546
6547
6548
6549
6550
6551
6552
6553
6555
6556
6557
6558
6559
6560
6562
6563
6565
6566
6567
6568
6569
6570
6571
6572
6573
6574
6576
6579
6580
6581
6582
6583
6585
6586
6587
6588
6590
6591
6592
6593
6594
6595
6596
6597
6599
6604
6605
6606
6607
6609
6610
6611
6613
6614
6616
6618
6619
6620
6621
6623
6624
6626
6627
6628
6630
6633
6634
6635
6636
6637
6639
6641
6643
6647
6648
6651
6652
6656
6657
6659
6663
6667
6668
6669
6670
6671
6672
6674
6675
6676
6678
6679
6681
6682
6684
6685
6686
6687
6689
6691
6693
6694
6695
6699
6700
6701
6702
6703
6704
6705
6706
6707
6708
6709
6711
6712
6713
6714
6716
6717
6720
6721
6722
6723
6725
6726
6728
6731
6732
6735
6736
6737
6739
6740
6745
6746
6749
6750
6751
6752
6753
6754
6758
6759
6763
6764
6766
6770
6771
6772
6773
6774
6776
6777
6780
6781
6783
6784
6786
6787
6789
6790
6791
6792
6793
6794
6796
6797
6800
6804
6809
6810
6812
6813
6814
6815
6817
6818
6821
6822
6823
6826
6827
6831
6833
6834
6835
6836
6838
6840
6841
6843
6844
6845
6847
6848
6849
6850
6851
6852
6854
6855
6856
6857
6858
6859
6860
6862
6863
6864
6866
6867
6869
6872
6874
6878
6879
6881
6884
6885
6887
6889
6890
6891
6893
6895
6896
6900
6901
6902
6904
6907
6909
6910
6916
6917
6918
6919
6920
6923
6925
6927
6930
6931
6932
6933
6935
6937
6939
6941
6943
6944
6945
6947
6948
6953
6954
6956
6957
6958
6959
6962
6964
6966
6967
6969
6971
6973
6974
6977
6979
6980
6981
6983
6985
6986
6989
6990
6991
6994
6995
6996
6997
6998
6999
7000
7001
7004
7007
7008
7010
7011
7014
7016
7020
7021
7022
7024
7026
7027
7029
7030
7031
7032
7033
7034
7037
7038
7039
7040
7042
7043
7044
7045
7046
7047
7048
7050
7052
7054
7055
7057
7059
7060
7061
7062
7063
7065
7066
7067
7073
7074
7075
7077
7078
7080
7081
7082
7083
7088
7090
7091
7094
7096
7098
7099
7101
7102
7104
7105
7107
7110
7111
7112
7113
7116
7117
7118
7119
7120
7121
7124
7127
7131
7133
7136
7137
7143
7144
7145
7146
7147
7152
7155
7157
7158
7159
7160
7161
7162
7164
7166
7167
7168
7170
7172
7173
7175
7176
7177
7179
7181
7182
7184
7185
7186
7187
7188
7193
7194
7195
7198
7202
7203
7204
7206
7207
7210
7212
7213
7214
7215
7216
7218
7220
7221
7222
7224
7225
7226
7227
7228
7229
7233
7235
7236
7237
7238
7239
7241
7243
7245
7246
7247
7248
7249
7251
7252
7253
7254
7255
7257
7258
7261
7264
7265
7266
7267
7268
7269
7271
7272
7275
7276
7279
7280
7286
7288
7289
7290
7291
7292
7294
7295
7297
7299
7300
7301
7303
7304
7307
7308
7309
7312
7314
7315
7317
7318
7319
7324
7326
7327
7331
7333
7335
7336
7337
7340
7342
7344
7345
7346
7347
7348
7349
7350
7352
7353
7357
7358
7359
7361
7362
7366
7367
7368
7369
7370
7371
7372
7374
7376
7379
7380
7382
7383
7384
7386
7387
7389
7390
7391
7392
7393
7394
7395
7398
7399
7400
7401
7402
7403
7404
7405
7407
7408
7410
7414
7416
7418
7419
7420
7423
7424
7430
7433
7434
7436
7437
7439
7441
7442
7444
7445
7446
7447
7448
7451
7452
7453
7455
7457
7458
7461
7462
7463
7464
7465
7466
7468
7469
7470
7471
7472
7473
7474
7475
7476
7479
7481
7483
7486
7487
7488
7489
7492
7493
7494
7496
7499
7500
7501
7503
7504
7505
7506
7507
7508
7510
7512
7514
7515
7519
7521
7522
7523
7525
7527
7529
7530
7531
7534
7536
7537
7538
7539
7540
7542
7543
7544
7545
7546
7547
7548
7551
7552
7556
7559
7562
7563
7564
7565
7566
7567
7568
7569
7570
7572
7573
7575
7576
7577
7579
7582
7583
7584
7585
7586
7588
7589
7591
7593
7594
7595
7597
7598
7600
7601
7602
7604
7605
7606
7608
7609
7610
7611
7612
7614
7617
7618
7623
7624
7625
7626
7627
7629
7630
7631
7633
7634
7635
7636
7639
7640
7641
7644
7645
7646
7648
7650
7651
7653
7654
7656
7657
7659
7661
7665
7666
7667
7669
7670
7671
7675
7676
7677
7678
7681
7682
7684
7685
7686
7687
7688
7689
7692
7693
7694
7695
7698
7699
7700
7703
7705
7706
7707
7711
7713
7714
7715
7716
7718
7720
7722
7725
7726
7727
7729
7730
7732
7733
7735
7738
7739
7741
7743
7746
7747
7748
7749
7750
7751
7753
7755
7756
7757
7758
7760
7762
7763
7764
7765
7766
7768
7770
7771
7774
7775
7776
7778
7779
7780
7781
7782
7784
7785
7788
7789
7790
7791
7794
7795
7796
7797
7800
7802
7803
7805
7806
7808
7811
7812
7814
7816
7817
7819
7820
7821
7822
7824
7825
7826
7827
7830
7832
7833
7834
7835
7836
7837
7838
7842
7843
7845
7846
7847
7848
7849
7850
7851
7853
7854
7855
7856
7857
7858
7860
7862
7863
7865
7866
7868
7869
7872
7873
7874
7875
7876
7879
7882
7883
7884
7886
7887
7889
7890
7891
7892
7893
7894
7895
7896
7897
7900
7903
7905
7907
7909
7911
7913
7914
7917
7918
7920
7921
7922
7923
7924
7925
7928
7929
7931
7933
7934
7935
7937
7938
7939
7940
7945
7946
7947
7948
7949
7950
7951
7952
7954
7957
7958
7961
7963
7965
7967
7968
7971
7973
7975
7976
7978
7981
7982
7983
7984
7986
7989
7990
7991
7993
7997
8000
8001
8004
8006
8007
8009
8010
8011
8012
8013
8014
8017
8020
8021
8022
8026
8027
8028
8029
8030
8031
8033
8035
8036
8037
8039
8040
8041
8044
8045
8046
8047
8048
8049
8054
8055
8056
8057
8060
8061
8062
8064
8067
8068
8070
8071
8072
8073
8074
8076
8077
8078
8080
8082
8084
8085
8086
8087
8088
8089
8093
8094
8095
8096
8097
8098
8099
8101
8105
8106
8107
8108
8109
8114
8116
8119
8123
8124
8126
8127
8128
8130
8132
8133
8134
8137
8140
8141
8143
8146
8147
8148
8149
8150
8151
8153
8155
8156
8158
8160
8162
8163
8164
8166
8168
8169
8170
8172
8174
8175
8177
8178
8179
8180
8183
8184
8185
8186
8191
8192
8194
8201
8203
8206
8207
8208
8209
8211
8215
8216
8218
8219
8220
8221
8223
8225
8226
8227
8230
8235
8236
8237
8239
8241
8243
8244
8245
8246
8247
8248
8249
8250
8251
8252
8255
8256
8257
8259
8260
8264
8265
8266
8267
8269
8270
8273
8278
8281
8283
8284
8285
8286
8287
8290
8292
8294
8296
8298
8300
8301
8302
8303
8304
8305
8306
8307
8309
8310
8312
8313
8314
8315
8317
8320
8321
8322
8323
8325
8327
8329
8331
8332
8334
8335
8338
8339
8344
8345
8348
8350
8351
8352
8353
8355
8356
8359
8361
8362
8363
8364
8365
8366
8367
8368
8370
8372
8373
8375
8377
8378
8379
8380
8381
8382
8383
8385
8386
8387
8389
8390
8392
8397
8401
8402
8403
8405
8407
8408
8412
8415
8416
8417
8418
8419
8422
8424
8425
8426
8427
8429
8431
8432
8433
8434
8438
8442
8443
8445
8447
8450
8451
8454
8456
8458
8459
8460
8462
8464
8465
8469
8470
8471
8475
8476
8477
8479
8481
8483
8484
8487
8489
8492
8493
8495
8496
8497
8498
8499
8500
8501
8502
8505
8506
8508
8511
8512
8517
8519
8520
8521
8522
8524
8525
8526
8528
8529
8533
8534
8538
8539
8542
8543
8544
8546
8547
8548
8549
8551
8555
8556
8558
8560
8561
8562
8564
8565
8566
8568
8569
8572
8573
8574
8576
8577
8578
8581
8582
8584
8585
8586
8587
8588
8589
8591
8594
8596
8597
8598
8600
8601
8602
8604
8605
8606
8608
8610
8612
8613
8614
8616
8617
8621
8622
8623
8625
8626
8627
8628
8629
8630
8631
8632
8635
8637
8639
8641
8642
8644
8645
8648
8649
8650
8651
8653
8658
8659
8661
8662
8664
8665
8666
8672
8673
8676
8677
8678
8680
8681
8682
8684
8685
8687
8688
8689
8692
8694
8697
8698
8702
8703
8704
8707
8710
8711
8712
8713
8715
8716
8717
8718
8719
8720
8721
8723
8724
8725
8726
8727
8728
8731
8732
8734
8737
8741
8742
8744
8745
8748
8749
8750
8751
8752
8753
8754
8755
8758
8763
8765
8768
8770
8771
8776
8779
8781
8782
8786
8788
8789
8790
8791
8793
8794
8796
8797
8798
8800
8802
8804
8805
8807
8809
8814
8815
8818
8819
8826
8828
8830
8831
8832
8834
8836
8839
8840
8841
8842
8843
8844
8847
8848
8851
8852
8857
8858
8860
8861
8863
8864
8867
8869
8870
8871
8872
8873
8874
8875
8876
8878
8879
8880
8881
8883
8885
8886
8887
8891
8893
8898
8900
8904
8906
8908
8909
8910
8912
8913
8914
8915
8916
8918
8919
8920
8922
8924
8925
8926
8927
8928
8929
8931
8934
8935
8936
8937
8938
8939
8940
8941
8942
8944
8945
8946
8947
8948
8949
8951
8953
8954
8957
8959
8962
8964
8966
8968
8969
8970
8974
8975
8976
8977
8978
8980
8981
8982
8983
8984
8985
8986
8988
8990
8991
8993
8997
9000
9003
9004
9007
9008
9009
9011
9012
9013
9014
9018
9020
9022
9023
9024
9025
9026
9027
9028
9029
9031
9033
9034
9036
9038
9039
9040
9044
9047
9050
9051
9053
9054
9057
9058
9060
9062
9064
9065
9066
9068
9069
9073
9074
9075
9076
9077
9078
9079
9081
9082
9084
9086
9087
9088
9089
9090
9093
9095
9096
9097
9099
9100
9101
9103
9104
9105
9106
9107
9109
9110
9112
9113
9115
9116
9117
9119
9122
9123
9124
9126
9128
9129
9131
9132
9133
9135
9136
9137
9140
9141
9142
9143
9144
9145
9146
9147
9150
9153
9154
9158
9160
9162
9163
9167
9171
9173
9174
9176
9178
9179
9180
9185
9186
9187
9189
9190
9191
9192
9193
9194
9195
9196
9197
9199
9200
9202
9204
9205
9207
9208
9209
9211
9213
9218
9221
9222
9223
9225
9226
9231
9232
9233
9235
9237
9238
9239
9241
9242
9244
9246
9247
9248
9249
9251
9255
9256
9259
9260
9262
9263
9264
9265
9266
9267
9269
9270
9271
9273
9274
9276
9277
9278
9279
9280
9282
9283
9284
9286
9288
9289
9290
9291
9292
9293
9294
9296
9300
9301
9304
9305
9306
9308
9309
9310
9312
9313
9314
9315
9317
9318
9322
9323
9324
9325
9326
9329
9330
9332
9333
9334
9340
9341
9343
9345
9347
9349
9353
9354
9355
9357
9358
9361
9362
9363
9364
9366
9367
9368
9369
9370
9372
9373
9375
9377
9378
9380
9381
9382
9383
9384
9392
9393
9394
9395
9397
9401
9402
9403
9404
9405
9408
9409
9410
9411
9412
9415
9420
9423
9427
9433
9434
9436
9437
9438
9440
9443
9445
9447
9448
9449
9453
9454
9455
9456
9461
9462
9463
9464
9465
9466
9467
9468
9471
9472
9473
9475
9476
9478
9479
9480
9481
9483
9484
9488
9489
9492
9494
9497
9498
9501
9502
9503
9505
9507
9509
9511
9514
9517
9521
9522
9527
9530
9531
9533
9536
9539
9540
9543
9544
9545
9547
9548
9550
9551
9552
9554
9555
9560
9562
9563
9565
9566
9567
9568
9569
9572
9574
9575
9578
9579
9580
9585
9586
9588
9592
9593
9594
9596
9597
9598
9599
9600
9603
9604
9605
9606
9609
9610
9612
9613
9614
9615
9617
9619
9621
9622
9623
9624
9625
9626
9627
9628
9631
9632
9634
9635
9637
9638
9639
9641
9643
9645
9648
9649
9650
9651
9652
9656
9658
9659
9661
9662
9663
9667
9669
9670
9672
9673
9674
9675
9676
9677
9678
9679
9680
9683
9685
9686
9687
9691
9692
9694
9697
9698
9700
9708
9709
9711
9712
9713
9714
9715
9717
9720
9721
9722
9723
9724
9729
9730
9733
9734
9735
9736
9739
9741
9742
9743
9745
9746
9747
9750
9751
9755
9757
9758
9760
9762
9763
9766
9768
9769
9770
9772
9773
9774
9775
9776
9778
9780
9781
9782
9783
9784
9786
9791
9793
9796
9801
9804
9807
9809
9810
9811
9813
9814
9817
9819
9823
9824
9827
9828
9829
9831
9832
9833
9835
9836
9838
9840
9843
9844
9846
9847
9849
9850
9852
9853
9854
9855
9856
9857
9858
9863
9864
9865
9869
9870
9871
9872
9875
9878
9882
9884
9886
9887
9888
9889
9891
9893
9894
9895
9899
9900
9901
9902
9903
9905
9906
9907
9909
9910
9911
9913
9915
9917
9918
9919
9920
9921
9923
9926
9927
9928
9930
9931
9932
9933
9934
9938
9942
9943
9944
9945
9946
9948
9949
9950
9951
9952
9954
9958
9959
9960
9963
9964
9965
9966
9967
9968
9969
9970
9972
9973
9974
9977
9978
9979
9983
9984
9987
9988
9989
9991
9993
9998
9999
10000
10001
10002
10004
10005
10006
10008
10009
10010
10012
10013
10014
10016
10017
10018
10019
10020
10022
10024
10025
10026
10030
10031
10034
10035
10036
10037
10038
10040
10041
10044
10045
10048
10049
10050
10051
10052
10053
10054
10055
10057
10059
10061
10063
10066
10067
10068
10069
10070
10071
10072
10075
10077
10078
10080
10085
10087
10088
10089
10090
10092
10096
10101
10102
10104
10106
10107
10109
10110
10114
10116
10117
10118
10119
10120
10121
10122
10124
10125
10126
10128
10131
10132
10133
10134
10135
10136
10138
10139
10141
10142
10144
10145
10146
10147
10148
10151
10152
10153
10155
10156
10157
10158
10162
10163
10171
10173
10174
10175
10176
10177
10178
10182
10183
10184
10185
10189
10191
10192
10195
10196
10200
10201
10203
10205
10207
10209
10210
10212
10213
10214
10215
10218
10219
10220
10221
10222
10223
10224
10225
10227
10228
10229
10231
10232
10234
10235
10237
10241
10242
10243
10245
10247
10248
10250
10251
10252
10254
10255
10257
10258
10259
10260
10261
10263
10265
10270
10271
10272
10277
10278
10279
10281
10282
10283
10285
10287
10289
10290
10291
10292
10293
10295
10298
10300
10301
10302
10304
10306
10309
10310
10313
10316
10318
10320
10321
10323
10325
10326
10327
10329
10331
10332
10333
10336
10338
10340
10341
10343
10344
10345
10349
10350
10353
10354
10355
10356
10357
10358
10359
10360
10361
10362
10364
10365
10366
10367
10369
10370
10372
10375
10376
10377
10378
10382
10385
10387
10389
10392
10395
10396
10397
10400
10401
10403
10409
10410
10412
10415
10416
10418
10419
10420
10422
10424
10425
10426
10427
10428
10429
10430
10431
10432
10433
10434
10437
10438
10441
10442
10443
10444
10445
10446
10447
10448
10449
10450
10453
10454
10456
10457
10458
10460
10461
10462
10465
10466
10467
10468
10469
10470
10471
10473
10475
10476
10478
10479
10480
10484
10486
10488
10489
10490
10491
10493
10496
10498
10499
10500
10501
10503
10507
10509
10510
10512
10513
10514
10516
10518
10520
10522
10524
10525
10529
10530
10531
10533
10534
10535
10537
10540
10541
10542
10545
10546
10548
10549
10551
10555
10556
10557
10558
10559
10562
10565
10567
10568
10569
10570
10575
10577
10578
10579
10580
10582
10587
10588
10589
10591
10593
10594
10595
10596
10597
10598
10603
10606
10609
10611
10612
10613
10614
10615
10621
10622
10624
10625
10626
10627
10629
10630
10632
10634
10635
10640
10641
10643
10645
10646
10647
10648
10649
10651
10653
10657
10658
10660
10662
10664
10665
10667
10669
10670
10671
10672
10674
10675
10676
10677
10678
10680
10684
10685
10687
10690
10691
10694
10695
10697
10702
10703
10706
10707
10708
10710
10711
10715
10717
10720
10721
10722
10730
10731
10732
10733
10735
10737
10739
10740
10742
10743
10744
10747
10748
10750
10751
10752
10753
10754
10755
10756
10758
10759
10760
10761
10762
10764
10767
10768
10769
10770
10772
10773
10774
10775
10776
10777
10778
10779
10781
10784
10785
10786
10787
10788
10791
10792
10798
10799
10800
10801
10802
10805
10806
10807
10808
10809
10810
10811
10815
10818
10819
10824
10825
10826
10827
10828
10830
10831
10832
10833
10834
10835
10838
10840
10841
10842
10843
10844
10845
10846
10847
10848
10849
10850
10851
10854
10856
10857
10858
10859
10860
10862
10865
10866
10867
10868
10869
10870
10873
10875
10876
10877
10878
10879
10880
10881
10882
10886
10893
10894
10896
10897
10898
10899
10900
10902
10903
10904
10905
10907
10908
10909
10911
10915
10917
10918
10921
10922
10923
10924
10925
10927
10929
10930
10931
10933
10934
10937
10938
10941
10942
10943
10945
10946
10947
10948
10951
10953
10955
10956
10957
10960
10964
10965
10966
10967
10968
10969
10970
10971
10972
10973
10974
10975
10976
10977
10978
10980
10981
10982
10983
10986
10987
10989
10990
10991
10992
10993
10994
10995
10997
10998
11000
11002
11003
11005
11006
11010
11013
11014
11015
11016
11017
11019
11025
11026
11027
11028
11029
11030
11031
11032
11033
11034
11035
11039
11041
11046
11048
11049
11052
11054
11055
11056
11060
11061
11062
11063
11064
11066
11068
11070
11071
11073
11074
11075
11077
11078
11080
11081
11082
11083
11085
11086
11089
11090
11092
11093
11095
11097
11103
11106
11107
11108
11109
11112
11116
11118
11119
11120
11121
11122
11124
11125
11126
11127
11129
11132
11133
11134
11135
11137
11140
11143
11144
11145
11146
11147
11149
11151
11155
11159
11164
11165
11166
11167
11168
11170
11171
11172
11173
11175
11177
11178
11182
11183
11184
11186
11187
11188
11189
11190
11192
11193
11194
11195
11196
11198
11199
11200
11201
11203
11204
11205
11206
11207
11209
11211
11212
11215
11216
11217
11219
11220
11221
11222
11223
11225
11227
11230
11232
11236
11237
11239
11244
11246
11247
11248
11249
11250
11251
11253
11255
11256
11257
11260
11262
11264
11265
11266
11267
11268
11269
11271
11273
11275
11278
11279
11280
11282
11284
11286
11287
11289
11290
11292
11293
11295
11296
11297
11299
11303
11305
11306
11307
11310
11311
11313
11314
11317
11318
11319
11322
11323
11324
11326
11327
11329
11330
11331
11333
11337
11338
11339
11341
11342
11346
11348
11350
11353
11355
11356
11358
11361
11365
11366
11368
11370
11371
11372
11373
11374
11376
11377
11378
11379
11380
11382
11383
11386
11388
11390
11391
11392
11395
11396
11397
11399
11400
11401
11402
11403
11404
11405
11406
11408
11409
11410
11413
11414
11417
11418
11419
11420
11421
11425
11426
11427
11429
11430
11431
11432
11434
11436
11437
11439
11440
11441
11443
11444
11445
11446
11448
11450
11451
11452
11453
11455
11457
11458
11459
11460
11462
11463
11464
11465
11467
11470
11472
11473
11475
11476
11481
11482
11484
11486
11488
11491
11492
11493
11494
11495
11498
11499
11500
11501
11502
11505
11508
11509
11510
11512
11515
11519
11520
11523
11525
11526
11527
11529
11532
11533
11534
11535
11537
11538
11539
11543
11550
11552
11553
11556
11558
11560
11561
11562
11564
11566
11567
11568
11569
11571
11572
11574
11576
11577
11578
11580
11581
11583
11584
11585
11588
11589
11590
11591
11592
11595
11596
11598
11599
11600
11601
11604
11605
11606
11608
11611
11612
11614
11616
11619
11620
11622
11624
11625
11628
11629
11631
11633
11634
11635
11637
11638
11640
11641
11643
11645
11646
11648
11649
11650
11652
11655
11659
11661
11662
11663
11665
11668
11670
11672
11673
11676
11677
11680
11681
11682
11685
11686
11688
11689
11690
11691
11692
11695
11696
11697
11698
11699
11703
11705
11706
11707
11708
11710
11711
11712
11713
11715
11718
11719
11720
11722
11726
11728
11730
11731
11734
11735
11736
11737
11740
11741
11746
11747
11750
11751
11752
11753
11755
11756
11757
11758
11759
11762
11763
11766
11768
11769
11773
11775
11776
11777
11779
11780
11783
11784
11789
11790
11797
11798
11799
11800
11803
11804
11805
11806
11807
11810
11811
11815
11818
11821
11824
11825
11826
11827
11828
11830
11831
11833
11834
11835
11836
11838
11839
11840
11841
11843
11844
11845
11846
11847
11848
11849
11850
11851
11854
11855
11857
11859
11861
11862
11864
11867
11868
11869
11871
11872
11873
11874
11875
11876
11880
11881
11883
11886
11887
11889
11890
11892
11893
11894
11896
11897
11898
11899
11900
11901
11903
11905
11906
11907
11909
11911
11913
11914
11916
11917
11918
11922
11923
11924
11925
11926
11927
11929
11930
11931
11932
11938
11939
11940
11942
11943
11944
11946
11948
11949
11950
11951
11952
11953
11955
11961
11962
11963
11964
11965
11967
11969
11970
11973
11974
11975
11977
11978
11980
11981
11982
11983
11985
11986
11987
11988
11990
11991
11993
11996
11997
12000
12001
12002
12003
12004
12006
12007
12008
12009
12011
12013
12014
12017
12018
12021
12027
12028
12030
12033
12035
12036
12037
12038
12040
12041
12042
12043
12045
12047
12048
12049
12053
12054
12055
12056
12057
12058
12060
12061
12062
12063
12066
12067
12068
12069
12073
12075
12076
12078
12087
12088
12094
12095
12097
12099
12100
12101
12102
12103
12104
12107
12108
12113
12115
12117
12120
12122
12123
12124
12125
12126
12128
12130
12131
12133
12135
12136
12137
12140
12141
12145
12147
12148
12152
12153
12154
12155
12156
12157
12159
12162
12163
12165
12167
12170
12171
12172
12173
12174
12175
12176
12177
12180
12181
12185
12187
12191
12193
12195
12197
12199
12200
12202
12203
12204
12205
12206
12207
12209
12211
12213
12214
12217
12218
12219
12220
12221
12222
12223
12224
12225
12228
12229
12232
12234
12237
12239
12240
12242
12247
12250
12251
12252
12253
12257
12261
12262
12263
12265
12266
12267
12268
12269
12272
12274
12275
12276
12278
12279
12280
12282
12284
12285
12286
12287
12290
12291
12292
12293
12297
12304
12305
12306
12307
12308
12310
12314
12315
12317
12319
12322
12325
12326
12327
12329
12331
12332
12334
12335
12336
12337
12339
12342
12343
12344
12345
12347
12348
12350
12351
12355
12356
12358
12359
12363
12364
12365
12366
12367
12368
12370
12371
12373
12375
12376
12377
12380
12383
12384
12386
12394
12395
12397
12398
12399
12400
12401
12402
12405
12407
12408
12409
12410
12413
12415
12418
12419
12420
12421
12422
12423
12424
12425
12426
12427
12428
12429
12431
12432
12435
12437
12438
12440
12441
12442
12443
12445
12448
12455
12456
12458
12460
12461
12466
12468
12470
12471
12472
12475
12476
12481
12483
12484
12486
12487
12491
12492
12493
12494
12495
12496
12497
12500
12501
12504
12507
12508
12509
12511
12512
12515
12516
12517
12523
12524
12526
12527
12529
12530
12532
12534
12538
12539
12540
12541
12543
12545
12546
12547
12549
12550
12551
12552
12554
12558
12559
12560
12562
12567
12570
12571
12572
12573
12574
12576
12578
12579
12580
12581
12582
12583
12584
12585
12588
12591
12592
12593
12594
12598
12599
12600
12601
12602
12603
12604
12605
12606
12607
12610
12611
12612
12613
12614
12617
12618
12619
12620
12623
12625
12630
12631
12632
12634
12636
12637
12638
12641
12642
12643
12644
12645
12646
12647
12648
12650
12651
12652
12653
12656
12661
12663
12666
12668
12669
12672
12673
12677
12678
12684
12685
12686
12687
12688
12690
12691
12692
12693
12695
12696
12697
12698
12700
12701
12704
12705
12706
12707
12708
12709
12714
12715
12716
12717
12718
12719
12720
12721
12722
12723
12724
12725
12726
12727
12728
12730
12731
12733
12737
12739
12740
12741
12742
12744
12746
12747
12748
12749
12750
12751
12753
12754
12755
12757
12758
12759
12760
12762
12763
12764
12766
12767
12768
12769
12771
12773
12774
12775
12776
12778
12780
12781
12782
12783
12786
12788
12791
12792
12798
12799
12800
12803
12805
12806
12808
12809
12810
12812
12813
12815
12816
12817
12818
12819
12820
12821
12823
12826
12827
12829
12831
12832
12833
12834
12835
12836
12837
12843
12844
12845
12846
12847
12848
12849
12850
12852
12853
12854
12856
12859
12860
12861
12862
12863
12866
12867
12869
12871
12872
12873
12874
12876
12878
12879
12880
12882
12883
12884
12885
12886
12887
12888
12889
12890
12891
12892
12893
12900
12901
12902
12903
12904
12905
12906
12907
12908
12909
12913
12914
12915
12917
12919
12920
12923
12924
12926
12927
12929
12930
12931
12938
12939
12940
12942
12944
12945
12947
12949
12951
12952
12953
12954
12956
12957
12958
12960
12962
12963
12965
12966
12967
12968
12969
12971
12973
12976
12977
12980
12981
12982
12985
12987
12988
12989
12990
12992
12993
12995
12996
12999
13002
13003
13006
13007
13010
13011
13013
13016
13018
13019
13021
13022
13023
13024
13027
13028
13029
13030
13031
13033
13034
13037
13039
13041
13042
13044
13047
13048
13050
13052
13053
13054
13058
13061
13062
13063
13064
13065
13072
13075
13076
13077
13078
13079
13080
13082
13084
13086
13088
13089
13092
13094
13096
13098
13101
13103
13105
13113
13114
13115
13116
13118
13119
13121
13122
13123
13124
13126
13127
13128
13129
13131
13133
13134
13135
13136
13137
13139
13140
13141
13142
13144
13145
13147
13148
13149
13151
13152
13154
13155
13159
13161
13162
13164
13165
13166
13167
13175
13176
13177
13179
13180
13181
13182
13184
13185
13187
13189
13190
13191
13193
13194
13197
13198
13199
13201
13202
13203
13205
13207
13211
13217
13219
13220
13226
13228
13229
13230
13231
13232
13233
13235
13236
13238
13240
13242
13243
13244
13254
13256
13257
13258
13260
13261
13262
13263
13266
13267
13268
13269
13270
13271
13273
13275
13279
13281
13282
13283
13284
13285
13289
13293
13294
13295
13299
13300
13301
13303
13304
13305
13308
13309
13310
13311
13312
13313
13314
13315
13316
13318
13319
13320
13321
13322
13323
13325
13326
13327
13328
13331
13333
13334
13335
13337
13338
13341
13342
13343
13344
13345
13346
13348
13349
13351
13356
13360
13361
13363
13364
13365
13368
13369
13370
13371
13374
13375
13376
13377
13378
13379
13380
13381
13382
13383
13384
13385
13386
13389
13390
13391
13393
13394
13395
13396
13397
13398
13399
13400
13402
13403
13404
13406
13407
13409
13411
13412
13414
13415
13416
13417
13420
13423
13424
13425
13428
13430
13431
13432
13433
13434
13435
13437
13440
13441
13442
13443
13444
13445
13446
13450
13453
13454
13456
13457
13458
13460
13461
13462
13464
13465
13466
13468
13469
13470
13471
13473
13474
13478
13479
13481
13482
13483
13484
13485
13489
13490
13491
13492
13495
13496
13497
13498
13499
13505
13507
13508
13509
13511
13512
13515
13516
13517
13518
13519
13520
13521
13526
13527
13528
13530
13531
13533
13534
13536
13538
13540
13541
13542
13544
13545
13547
13548
13549
13550
13552
13554
13555
13556
13557
13558
13559
13561
13562
13563
13564
13565
13567
13568
13569
13571
13577
13578
13580
13581
13583
13587
13591
13592
13596
13597
13600
13601
13603
13604
13605
13606
13608
13611
13612
13613
13614
13615
13618
13620
13621
13622
13623
13628
13629
13631
13632
13634
13635
13637
13638
13640
13641
13642
13643
13646
13647
13648
13651
13652
13653
13654
13655
13657
13658
13660
13661
13663
13664
13666
13667
13669
13670
13671
13673
13675
13676
13677
13678
13679
13680
13682
13685
13686
13687
13688
13689
13690
13691
13692
13694
13696
13697
13699
13701
13703
13704
13705
13706
13707
13711
13712
13713
13715
13716
13717
13718
13719
13720
13721
13722
13724
13727
13728
13729
13730
13731
13733
13734
13735
13737
13739
13741
13742
13743
13746
13750
13751
13752
13753
13756
13757
13759
13761
13763
13764
13765
13766
13768
13770
13771
13772
13773
13774
13775
13780
13781
13782
13783
13784
13785
13787
13788
13789
13791
13792
13793
13796
13797
13801
13803
13805
13807
13811
13813
13815
13817
13818
13821
13822
13824
13825
13827
13829
13830
13831
13832
13834
13836
13837
13840
13845
13847
13848
13849
13850
13851
13853
13854
13855
13861
13862
13864
13865
13869
13870
13871
13872
13873
13875
13877
13878
13879
13880
13881
13882
13887
13890
13891
13892
13896
13897
13898
13900
13903
13906
13907
13911
13913
13914
13915
13917
13918
13919
13922
13923
13925
13926
13927
13928
13930
13931
13934
13935
13936
13937
13940
13941
13943
13945
13946
13947
13949
13950
13951
13952
13953
13956
13957
13958
13964
13969
13970
13971
13972
13974
13975
13979
13982
13985
13987
13988
13992
13994
13995
13997
13998
13999
14000
14003
14004
14005
14007
14008
14010
14012
14013
14016
14017
14020
14021
14022
14024
14025
14026
14028
14031
14032
14033
14035
14036
14040
14041
14043
14044
14045
14048
14050
14051
14052
14053
14054
14057
14058
14059
14061
14062
14063
14064
14065
14066
14067
14069
14071
14073
14075
14076
14078
14079
14080
14081
14082
14084
14086
14087
14088
14089
14090
14091
14097
14098
14099
14102
14103
14106
14107
14108
14109
14112
14114
14115
14117
14120
14121
14122
14123
14124
14126
14129
14130
14135
14140
14141
14143
14144
14146
14148
14150
14152
14153
14154
14155
14156
14157
14158
14160
14161
14163
14164
14165
14166
14170
14171
14172
14175
14176
14177
14180
14181
14183
14185
14186
14188
14190
14191
14192
14194
14197
14199
14201
14203
14205
14206
14208
14210
14214
14215
14218
14219
14220
14223
14224
14226
14228
14229
14232
14233
14234
14235
14237
14239
14240
14241
14242
14243
14244
14245
14248
14251
14252
14253
14254
14256
14259
14261
14263
14264
14265
14266
14270
14271
14274
14275
14276
14281
14282
14284
14285
14286
14288
14290
14291
14292
14293
14294
14296
14297
14298
14303
14304
14305
14306
14307
14308
14310
14312
14313
14314
14315
14316
14318
14319
14323
14324
14325
14326
14328
14329
14333
14336
14337
14338
14341
14343
14344
14345
14347
14348
14349
14350
14352
14353
14354
14355
14356
14361
14363
14366
14368
14369
14370
14373
14374
14381
14383
14385
14386
14388
14391
14393
14394
14395
14397
14401
14403
14404
14405
14408
14410
14411
14413
14414
14415
14416
14417
14418
14422
14423
14425
14427
14428
14430
14435
14436
14437
14438
14439
14440
14441
14443
14444
14447
14450
14451
14454
14455
14456
14457
14458
14459
14460
14461
14462
14465
14466
14468
14470
14471
14474
14477
14478
14480
14481
14482
14485
14486
14487
14488
14489
14493
14495
14499
14501
14503
14504
14505
14507
14508
14509
14510
14511
14512
14516
14518
14519
14520
14523
14525
14527
14528
14529
14530
14533
14534
14537
14538
14540
14542
14543
14545
14546
14547
14550
14551
14552
14556
14557
14558
14559
14560
14562
14563
14564
14566
14567
14568
14569
14571
14572
14573
14575
14576
14578
14579
14580
14581
14583
14584
14586
14588
14590
14591
14592
14594
14595
14596
14597
14598
14600
14601
14605
14606
14607
14608
14610
14611
14612
14616
14617
14618
14622
14623
14624
14627
14630
14631
14632
14634
14636
14637
14638
14640
14641
14642
14643
14645
14646
14649
14650
14653
14654
14656
14659
14661
14662
14663
14664
14665
14666
14667
14668
14671
14673
14674
14677
14678
14679
14680
14681
14682
14684
14687
14692
14693
14694
14695
14698
14699
14701
14702
14703
14705
14707
14708
14709
14711
14714
14718
14721
14722
14723
14726
14730
14731
14732
14733
14736
14738
14739
14740
14741
14742
14743
14744
14745
14746
14747
14748
14750
14752
14758
14760
14761
14762
14764
14768
14772
14773
14777
14779
14780
14781
14782
14783
14784
14787
14790
14791
14793
14794
14795
14797
14798
14800
14803
14806
14807
14808
14809
14810
14811
14812
14814
14818
14822
14823
14825
14826
14828
14829
14832
14833
14834
14835
14836
14837
14838
14839
14842
14843
14844
14846
14848
14851
14853
14856
14857
14858
14860
14864
14866
14867
14868
14869
14872
14873
14875
14878
14879
14880
14881
14883
14886
14891
14892
14893
14894
14896
14898
14899
14900
14901
14902
14904
14905
14906
14907
14909
14910
14914
14916
14917
14919
14920
14921
14924
14925
14926
14927
14928
14929
14930
14933
14935
14937
14939
14940
14941
14944
14945
14946
14947
14949
14953
14955
14957
14959
14960
14963
14964
14965
14966
14967
14968
14969
14970
14973
14977
14979
14982
14984
14986
14987
14988
14989
14990
14992
14995
14996
14998
15000
15001
15003
15004
15005
15008
15009
15010
15011
15012
15013
15014
15016
15017
15018
15019
15020
15023
15026
15027
15029
15030
15031
15033
15035
15037
15038
15040
15041
15043
15047
15048
15049
15051
15054
15056
15057
15059
15060
15061
15062
15063
15064
15065
15067
15069
15070
15071
15072
15074
15075
15076
15077
15079
15081
15085
15087
15088
15092
15093
15094
15095
15096
15097
15098
15100
15101
15102
15103
15104
15105
15106
15107
15108
15110
15111
15112
15117
15119
15121
15122
15124
15125
15126
15128
15130
15132
15136
15137
15140
15141
15143
15144
15145
15146
15147
15149
15150
15153
15154
15155
15157
15158
15159
15161
15162
15165
15166
15167
15168
15170
15175
15177
15178
15179
15180
15181
15186
15187
15188
15189
15191
15192
15194
15195
15197
15202
15203
15204
15205
15206
15209
15210
15212
15213
15214
15215
15216
15218
15223
15224
15225
15226
15230
15233
15237
15241
15242
15243
15244
15245
15246
15247
15248
15250
15251
15253
15255
15257
15258
15259
15261
15263
15264
15265
15266
15267
15268
15270
15272
15273
15274
15275
15276
15279
15280
15281
15282
15285
15287
15290
15291
15292
15293
15297
15298
15299
15301
15302
15303
15304
15305
15307
15308
15309
15310
15313
15317
15318
15320
15321
15322
15324
15325
15327
15328
15331
15332
15333
15337
15338
15340
15342
15343
15344
15346
15347
15348
15350
15354
15357
15358
15359
15360
15361
15362
15363
15365
15366
15369
15370
15371
15373
15375
15376
15377
15378
15379
15380
15381
15383
15388
15390
15395
15399
15403
15406
15408
15409
15414
15417
15419
15420
15421
15422
15424
15426
15427
15428
15430
15432
15434
15437
15438
15439
15440
15441
15442
15445
15446
15447
15448
15449
15456
15457
15459
15460
15461
15462
15463
15464
15465
15467
15469
15470
15472
15473
15474
15475
15476
15477
15479
15481
15482
15484
15485
15486
15487
15488
15491
15492
15493
15495
15496
15497
15499
15500
15501
15502
15503
15504
15506
15507
15508
15511
15512
15513
15516
15519
15520
15524
15525
15526
15527
15531
15532
15534
15536
15537
15539
15541
15542
15543
15545
15547
15548
15550
15552
15553
15554
15556
15557
15558
15560
15561
15564
15565
15566
15567
15568
15574
15577
15578
15580
15581
15583
15584
15586
15587
15588
15589
15591
15595
15596
15597
15598
15599
15601
15604
15605
15606
15607
15609
15613
15614
15615
15616
15619
15620
15622
15623
15624
15625
15626
15628
15630
15633
15634
15635
15636
15638
15641
15643
15646
15647
15650
15652
15653
15654
15655
15656
15657
15659
15663
15665
15666
15670
15672
15673
15677
15680
15681
15682
15687
15688
15691
15692
15694
15695
15697
15698
15699
15700
15701
15703
15708
15709
15710
15711
15715
15717
15718
15719
15722
15724
15725
15727
15728
15730
15731
15733
15736
15737
15739
15740
15741
15743
15744
15750
15752
15753
15754
15756
15757
15758
15761
15763
15764
15765
15768
15770
15772
15773
15775
15776
15778
15779
15780
15781
15784
15788
15789
15794
15795
15798
15799
15801
15802
15805
15807
15808
15809
15811
15813
15814
15815
15816
15818
15819
15820
15821
15822
15823
15825
15826
15827
15828
15831
15832
15833
15834
15835
15837
15841
15844
15845
15846
15849
15853
15854
15855
15856
15859
15861
15865
15867
15871
15874
15875
15878
15879
15882
15883
15884
15886
15888
15889
15890
15891
15892
15893
15894
15897
15899
15901
15902
15903
15904
15905
15906
15907
15910
15911
15913
15915
15918
15920
15921
15922
15923
15924
15925
15926
15927
15928
15930
15931
15932
15934
15935
15936
15937
15938
15939
15941
15942
15943
15944
15947
15948
15949
15951
15952
15953
15957
15958
15959
15963
15964
15965
15967
15968
15969
15970
15971
15972
15974
15975
15976
15979
15982
15983
15984
15985
15987
15988
15990
15991
15993
15994
15995
15998
16000
16001
16002
16003
16004
16005
16007
16008
16009
16014
16015
16017
16019
16021
16022
16023
16024
16025
16026
16028
16030
16031
16032
16033
16035
16037
16038
16039
16040
16046
16047
16050
16051
16052
16053
16054
16056
16057
16058
16060
16061
16062
16063
16064
16065
16067
16068
16069
16070
16071
16073
16076
16078
16079
16081
16082
16083
16084
16085
16087
16090
16093
16094
16095
16097
16098
16099
16101
16103
16104
16106
16107
16108
16110
16111
16112
16113
16115
16116
16118
16120
16121
16122
16123
16124
16125
16126
16127
16128
16129
16131
16134
16135
16136
16139
16142
16143
16146
16147
16150
16151
16152
16153
16154
16156
16157
16159
16160
16162
16163
16164
16165
16167
16168
16170
16171
16176
16178
16179
16180
16182
16184
16185
16186
16188
16190
16191
16192
16193
16194
16196
16198
16201
16203
16206
16207
16209
16211
16213
16215
16216
16220
16221
16222
16224
16225
16226
16229
16230
16231
16235
16236
16238
16240
16242
16247
16248
16249
16251
16254
16255
16257
16258
16259
16260
16261
16262
16263
16264
16270
16271
16272
16273
16274
16275
16277
16278
16279
16281
16284
16285
16286
16287
16290
16291
16292
16293
16294
16296
16297
16299
16300
16305
16307
16308
16310
16312
16313
16315
16316
16317
16318
16319
16320
16321
16322
16324
16325
16327
16328
16329
16330
16331
16333
16334
16335
16336
16337
16339
16343
16344
16345
16346
16347
16348
16351
16352
16353
16354
16355
16356
16357
16358
16360
16361
16362
16364
16366
16370
16374
16375
16379
16382
16383
16384
16385
16387
16388
16391
16392
16398
16399
16400
16402
16404
16405
16407
16408
16410
16411
16414
16416
16417
16418
16419
16420
16421
16422
16424
16426
16428
16431
16432
16434
16437
16438
16439
16440
16444
16445
16446
16447
16448
16449
16450
16453
16454
16458
16464
16465
16466
16467
16468
16470
16472
16474
16475
16476
16478
16479
16481
16482
16484
16485
16486
16487
16490
16491
16494
16496
16497
16498
16502
16503
16507
16509
16513
16514
16516
16518
16519
16520
16524
16525
16527
16528
16530
16531
16532
16533
16534
16535
16536
16537
16539
16540
16541
16542
16543
16545
16546
16548
16549
16551
16552
16553
16556
16557
16558
16559
16561
16563
16564
16565
16568
16570
16571
16572
16574
16575
16577
16579
16581
16583
16585
16586
16587
16589
16590
16591
16593
16595
16597
16599
16600
16603
16605
16606
16608
16609
16610
16613
16617
16618
16619
16620
16622
16627
16628
16630
16631
16633
16634
16635
16637
16640
16641
16642
16646
16649
16650
16651
16653
16654
16655
16656
16658
16659
16660
16663
16664
16665
16667
16668
16669
16670
16679
16680
16682
16683
16684
16686
16687
16689
16690
16694
16696
16697
16698
16700
16704
16705
16706
16707
16710
16711
16712
16713
16716
16717
16718
16720
16722
16724
16725
16726
16730
16731
16732
16733
16735
16737
16738
16740
16742
16743
16745
16747
16748
16749
16750
16751
16753
16755
16756
16757
16758
16759
16762
16763
16765
16766
16767
16768
16769
16770
16771
16772
16775
16776
16777
16778
16780
16781
16783
16784
16787
16790
16793
16798
16799
16801
16802
16803
16806
16807
16808
16813
16816
16817
16818
16820
16821
16822
16825
16826
16827
16829
16831
16832
16833
16834
16836
16837
16839
16840
16844
16845
16847
16848
16850
16852
16853
16855
16856
16857
16858
16860
16862
16863
16864
16865
16868
16869
16874
16875
16877
16879
16880
16882
16883
16884
16885
16886
16888
16889
16892
16893
16895
16896
16897
16899
16900
16902
16905
16907
16908
16910
16911
16913
16916
16924
16925
16926
16927
16929
16935
16936
16937
16938
16940
16941
16943
16944
16946
16947
16948
16951
16952
16954
16955
16956
16957
16958
16959
16960
16961
16962
16964
16965
16966
16967
16972
16975
16977
16978
16979
16980
16981
16983
16984
16986
16987
16988
16989
16990
16991
16993
16994
16995
16996
16997
17000
17001
17005
17007
17010
17011
17012
17014
17016
17017
17020
17021
17023
17024
17025
17026
17027
17028
17029
17030
17031
17033
17034
17037
17038
17040
17042
17043
17044
17047
17048
17049
17050
17051
17055
17056
17057
17062
17066
17067
17069
17070
17071
17073
17074
17076
17078
17079
17081
17082
17085
17088
17092
17095
17096
17097
17098
17099
17100
17101
17102
17105
17106
17111
17113
17114
17119
17120
17124
17126
17129
17130
17132
17133
17135
17141
17142
17143
17144
17146
17147
17151
17152
17153
17155
17160
17161
17163
17164
17165
17168
17169
17170
17173
17175
17176
17178
17179
17180
17182
17183
17185
17189
17190
17193
17194
17197
17198
17200
17202
17203
17204
17210
17212
17213
17214
17215
17218
17219
17221
17222
17224
17225
17228
17229
17231
17233
17234
17235
17238
17240
17241
17244
17245
17246
17248
17250
17251
17252
17254
17255
17256
17258
17260
17261
17263
17265
17266
17269
17270
17271
17273
17275
17276
17278
17279
17281
17285
17286
17289
17290
17291
17292
17295
17296
17297
17299
17300
17301
17302
17304
17305
17306
17307
17309
17310
17311
17312
17313
17314
17316
17318
17321
17323
17324
17332
17333
17337
17339
17340
17342
17343
17344
17345
17346
17347
17348
17350
17352
17353
17355
17357
17360
17361
17362
17365
17367
17368
17369
17370
17371
17372
17373
17374
17379
17382
17383
17385
17387
17388
17389
17390
17394
17395
17397
17398
17400
17403
17404
17405
17406
17407
17409
17411
17414
17415
17416
17417
17418
17419
17421
17423
17425
17429
17430
17431
17433
17435
17438
17439
17442
17446
17447
17448
17449
17450
17454
17455
17456
17457
17459
17460
17462
17463
17464
17469
17472
17473
17474
17476
17477
17478
17480
17481
17482
17483
17484
17486
17488
17489
17492
17494
17495
17498
17500
17502
17503
17506
17507
17510
17511
17512
17514
17515
17518
17519
17520
17521
17523
17528
17529
17530
17531
17532
17533
17534
17537
17538
17539
17540
17542
17543
17544
17548
17549
17550
17551
17555
17559
17560
17561
17562
17564
17567
17568
17569
17570
17571
17572
17573
17577
17582
17584
17585
17586
17590
17591
17592
17594
17595
17597
17598
17599
17600
17601
17602
17603
17604
17605
17609
17612
17615
17616
17621
17622
17623
17624
17625
17627
17628
17631
17632
17633
17634
17635
17637
17638
17640
17641
17643
17645
17648
17649
17650
17653
17655
17656
17660
17662
17663
17664
17667
17669
17676
17677
17678
17679
17680
17682
17684
17685
17687
17690
17691
17692
17693
17694
17695
17700
17701
17703
17704
17706
17707
17708
17710
17712
17713
17714
17715
17716
17718
17719
17720
17724
17726
17728
17729
17733
17737
17739
17740
17741
17744
17745
17746
17748
17749
17751
17752
17753
17754
17755
17757
17758
17759
17761
17763
17764
17765
17768
17771
17772
17775
17776
17777
17778
17781
17782
17783
17785
17787
17788
17789
17790
17792
17793
17794
17795
17797
17798
17799
17800
17802
17804
17805
17806
17807
17809
17810
17813
17814
17818
17819
17820
17821
17823
17824
17825
17828
17830
17831
17836
17837
17838
17840
17841
17842
17843
17845
17847
17848
17854
17855
17857
17858
17859
17861
17862
17863
17864
17866
17869
17870
17872
17874
17875
17877
17878
17879
17880
17881
17884
17885
17886
17887
17888
17889
17892
17894
17895
17898
17899
17901
17903
17908
17909
17911
17914
17918
17919
17920
17921
17923
17924
17925
17926
17927
17929
17930
17931
17932
17933
17934
17938
17941
17942
17943
17944
17945
17946
17947
17949
17950
17952
17953
17954
17957
17959
17961
17962
17963
17964
17965
17968
17970
17972
17974
17977
17978
17979
17980
17981
17983
17984
17986
17987
17988
17990
17991
17994
17995
17996
17998
17999
18000
18001
18002
18003
18004
18005
18006
18008
18009
18010
18011
18012
18014
18016
18020
18024
18026
18030
18032
18034
18035
18036
18038
18039
18042
18043
18046
18047
18049
18050
18051
18054
18055
18062
18063
18064
18065
18071
18072
18074
18076
18077
18078
18081
18083
18087
18088
18090
18091
18094
18095
18096
18098
18101
18102
18103
18104
18105
18114
18116
18119
18120
18124
18125
18128
18130
18132
18133
18135
18139
18141
18142
18143
18145
18146
18149
18151
18152
18154
18155
18157
18158
18161
18163
18165
18166
18167
18168
18170
18173
18174
18175
18177
18178
18179
18182
18183
18190
18194
18195
18196
18198
18199
18203
18204
18209
18210
18212
18213
18215
18216
18218
18219
18220
18222
18223
18225
18226
18228
18230
18232
18234
18235
18237
18238
18239
18242
18243
18244
18245
18246
18249
18251
18252
18253
18254
18255
18257
18258
18260
18262
18263
18264
18266
18270
18271
18272
18273
18274
18275
18276
18277
18278
18279
18280
18282
18283
18284
18285
18287
18288
18289
18290
18291
18292
18295
18297
18299
18300
18301
18302
18303
18307
18309
18312
18315
18316
18317
18320
18322
18323
18324
18326
18329
18331
18333
18335
18336
18338
18339
18340
18341
18343
18344
18345
18349
18350
18351
18353
18354
18357
18361
18362
18363
18365
18366
18370
18371
18375
18376
18379
18381
18383
18387
18388
18389
18391
18392
18393
18395
18396
18397
18398
18399
18401
18403
18405
18406
18407
18410
18411
18412
18414
18415
18416
18419
18422
18423
18424
18427
18428
18429
18432
18433
18435
18436
18437
18438
18440
18442
18443
18445
18446
18448
18449
18450
18455
18456
18458
18459
18460
18461
18463
18464
18465
18466
18467
18468
18469
18471
18472
18477
18478
18479
18481
18484
18485
18486
18487
18489
18491
18494
18495
18496
18497
18500
18501
18503
18505
18506
18507
18508
18509
18510
18511
18512
18513
18516
18517
18519
18522
18524
18527
18529
18530
18531
18534
18535
18536
18537
18538
18539
18540
18543
18545
18546
18547
18548
18552
18554
18555
18557
18559
18560
18561
18562
18563
18564
18565
18567
18571
18572
18574
18575
18576
18577
18580
18584
18585
18586
18587
18588
18590
18591
18592
18593
18594
18598
18601
18602
18603
18604
18606
18608
18609
18610
18612
18613
18615
18616
18617
18618
18619
18622
18627
18634
18636
18640
18641
18643
18645
18646
18648
18653
18655
18656
18657
18658
18659
18663
18669
18670
18672
18674
18675
18676
18677
18678
18679
18681
18684
18687
18688
18689
18690
18691
18693
18694
18695
18696
18697
18698
18699
18700
18702
18703
18704
18706
18707
18710
18711
18713
18715
18716
18717
18718
18720
18723
18724
18725
18727
18728
18730
18732
18734
18738
18739
18740
18741
18744
18745
18746
18748
18750
18751
18752
18753
18755
18759
18760
18762
18763
18766
18769
18772
18773
18774
18775
18776
18778
18780
18781
18783
18786
18787
18788
18789
18790
18793
18796
18799
18801
18802
18803
18804
18805
18806
18807
18808
18809
18810
18811
18814
18816
18819
18820
18821
18824
18825
18826
18827
18828
18830
18832
18833
18834
18836
18837
18838
18840
18842
18844
18845
18846
18847
18849
18850
18852
18854
18855
18858
18860
18861
18863
18864
18866
18869
18871
18872
18873
18875
18876
18877
18880
18881
18882
18883
18885
18886
18887
18888
18889
18890
18892
18894
18895
18898
18899
18900
18902
18904
18905
18906
18907
18914
18915
18916
18918
18919
18921
18922
18925
18926
18928
18929
18931
18933
18935
18938
18940
18942
18945
18946
18947
18950
18951
18953
18954
18955
18957
18959
18964
18968
18969
18972
18977
18978
18979
18983
18984
18985
18991
18992
18995
18996
18997
18999
19000
19005
19006
19009
19012
19013
19015
19016
19017
19018
19019
19020
19021
19024
19025
19027
19028
19029
19030
19032
19033
19034
19036
19037
19038
19040
19041
19042
19043
19044
19046
19048
19049
19050
19051
19053
19054
19055
19056
19057
19058
19060
19061
19062
19064
19065
19067
19069
19070
19071
19072
19073
19074
19076
19077
19078
19080
19081
19084
19089
19090
19091
19093
19095
19096
19099
19102
19106
19107
19108
19109
19111
19114
19116
19118
19119
19122
19124
19125
19126
19130
19132
19133
19135
19136
19141
19142
19143
19147
19148
19149
19150
19151
19152
19153
19154
19157
19160
19163
19164
19165
19168
19169
19170
19172
19173
19174
19175
19176
19177
19178
19181
19183
19184
19185
19186
19187
19188
19189
19190
19192
19194
19195
19196
19198
19199
19200
19201
19202
19203
19206
19207
19208
19211
19212
19213
19214
19215
19217
19218
19219
19222
19223
19228
19229
19231
19232
19234
19236
19237
19240
19241
19242
19243
19245
19247
19248
19249
19250
19253
19254
19255
19256
19257
19258
19260
19261
19262
19266
19267
19269
19271
19274
19276
19277
19278
19280
19282
19284
19287
19288
19290
19293
19296
19297
19298
19299
19300
19301
19302
19304
19305
19307
19308
19312
19314
19315
19317
19318
19319
19320
19321
19323
19325
19326
19327
19330
19331
19336
19337
19338
19339
19342
19343
19344
19347
19350
19351
19352
19353
19355
19356
19357
19358
19360
19361
19363
19364
19365
19366
19369
19371
19372
19374
19376
19377
19379
19380
19382
19384
19385
19386
19388
19391
19392
19395
19398
19399
19400
19401
19402
19403
19405
19406
19408
19409
19410
19413
19415
19416
19417
19419
19420
19421
19422
19423
19425
19427
19431
19432
19433
19435
19436
19437
19440
19442
19444
19446
19450
19451
19454
19455
19456
19458
19460
19461
19463
19464
19465
19466
19467
19468
19469
19470
19472
19473
19474
19475
19477
19478
19480
19481
19482
19483
19484
19485
19486
19487
19489
19492
19494
19495
19496
19497
19498
19499
19502
19503
19504
19505
19506
19507
19508
19509
19510
19513
19514
19517
19518
19520
19522
19523
19524
19525
19526
19527
19528
19529
19530
19531
19533
19538
19539
19541
19542
19543
19544
19548
19549
19551
19552
19553
19555
19558
19559
19560
19562
19565
19567
19568
19569
19570
19571
19572
19574
19577
19578
19580
19581
19583
19584
19587
19588
19589
19590
19592
19593
19594
19597
19600
19603
19604
19605
19606
19608
19609
19610
19611
19613
19614
19615
19619
19620
19621
19622
19628
19629
19631
19633
19635
19638
19640
19641
19642
19643
19645
19647
19650
19657
19660
19661
19663
19664
19667
19669
19673
19674
19676
19678
19680
19681
19683
19684
19685
19690
19691
19692
19693
19694
19695
19696
19699
19700
19702
19704
19705
19706
19708
19709
19711
19713
19714
19716
19717
19718
19719
19720
19724
19726
19727
19728
19729
19732
19735
19736
19737
19738
19739
19742
19744
19746
19747
19748
19749
19750
19752
19753
19755
19760
19761
19764
19765
19766
19769
19770
19772
19776
19777
19780
19781
19782
19784
19786
19788
19789
19790
19791
19793
19794
19795
19796
19799
19800
19803
19804
19806
19807
19808
19809
19810
19811
19812
19813
19815
19816
19818
19821
19822
19823
19825
19826
19828
19829
19831
19833
19834
19836
19838
19840
19841
19842
19845
19847
19848
19851
19852
19853
19854
19855
19856
19861
19862
19863
19864
19866
19867
19869
19871
19872
19873
19874
19875
19876
19878
19880
19882
19886
19887
19888
19890
19894
19895
19896
19897
19901
19906
19908
19909
19910
19911
19914
19915
19919
19922
19923
19926
19927
19928
19929
19930
19937
19938
19940
19945
19946
19948
19953
19954
19958
19960
19961
19963
19964
19966
19970
19971
19973
19974
19975
19976
19980
19981
19982
19983
19985
19986
19991
19995
19996
19997
19998
20000
20001
20002
20003
20005
20008
20009
20011
20013
20015
20016
20017
20018
20019
20020
20021
20022
20023
20024
20025
20026
20027
20028
20031
20032
20033
20035
20036
20037
20039
20040
20042
20043
20044
20045
20046
20050
20051
20057
20058
20059
20061
20066
20068
20069
20071
20072
20073
20074
20075
20078
20079
20082
20083
20085
20086
20087
20089
20091
20093
20094
20095
20096
20098
20099
20102
20103
20104
20106
20108
20109
20110
20111
20112
20114
20116
20117
20118
20120
20121
20122
20123
20124
20125
20127
20129
20130
20131
20132
20134
20135
20137
20140
20142
20144
20145
20146
20148
20149
20151
20152
20153
20154
20155
20158
20160
20164
20165
20167
20169
20170
20173
20174
20175
20177
20179
20181
20183
20184
20185
20186
20187
20191
20192
20193
20194
20197
20199
20200
20201
20202
20204
20205
20206
20207
20208
20209
20210
20211
20212
20213
20215
20216
20217
20220
20222
20223
20224
20225
20226
20228
20232
20233
20234
20235
20236
20237
20238
20240
20242
20244
20245
20248
20249
20250
20251
20252
20253
20258
20263
20264
20266
20270
20271
20273
20275
20276
20278
20279
20280
20281
20282
20283
20286
20287
20288
20289
20290
20293
20294
20295
20296
20297
20299
20302
20303
20305
20308
20310
20311
20313
20315
20317
20319
20320
20323
20325
20326
20327
20328
20332
20334
20335
20337
20338
20339
20341
20344
20345
20347
20349
20350
20351
20356
20360
20364
20365
20366
20367
20369
20370
20372
20374
20375
20376
20379
20380
20383
20384
20385
20386
20388
20390
20392
20393
20398
20401
20402
20405
20407
20410
20413
20415
20416
20417
20418
20419
20420
20426
20427
20428
20430
20433
20436
20438
20439
20443
20445
20447
20448
20449
20450
20453
20454
20455
20456
20459
20460
20461
20467
20471
20474
20477
20478
20480
20482
20484
20486
20489
20490
20491
20492
20493
20495
20496
20499
20500
20501
20502
20503
20506
20507
20511
20513
20515
20516
20518
20520
20521
20527
20528
20529
20530
20531
20532
20533
20536
20537
20539
20540
20542
20543
20546
20548
20551
20552
20553
20556
20561
20562
20564
20565
20568
20570
20571
20572
20573
20574
20576
20578
20579
20584
20585
20587
20590
20595
20596
20597
20598
20599
20600
20601
20602
20603
20604
20606
20607
20610
20611
20612
20614
20615
20616
20617
20618
20619
20621
20622
20623
20625
20626
20627
20629
20630
20631
20635
20637
20638
20641
20643
20645
20649
20650
20651
20652
20653
20655
20656
20657
20658
20659
20661
20664
20666
20667
20668
20669
20671
20672
20673
20674
20675
20676
20677
20679
20680
20681
20682
20683
20685
20686
20688
20691
20692
20694
20695
20696
20697
20698
20699
20700
20702
20705
20706
20707
20708
20709
20710
20712
20715
20716
20717
20718
20719
20720
20721
20723
20724
20726
20729
20730
20731
20733
20734
20735
20736
20738
20739
20741
20742
20743
20744
20745
20746
20748
20749
20751
20752
20758
20759
20760
20763
20765
20767
20769
20771
20773
20775
20776
20777
20778
20779
20783
20784
20785
20787
20789
20790
20792
20793
20794
20800
20801
20802
20805
20806
20807
20809
20810
20811
20812
20813
20814
20815
20816
20817
20819
20820
20821
20824
20825
20830
20831
20833
20834
20835
20836
20837
20838
20839
20840
20842
20846
20847
20848
20849
20850
20851
20856
20857
20861
20863
20864
20865
20867
20870
20871
20872
20874
20878
20879
20881
20882
20883
20884
20885
20886
20887
20888
20889
20890
20891
20892
20893
20894
20895
20898
20899
20901
20904
20906
20913
20916
20918
20919
20920
20921
20924
20925
20927
20929
20931
20932
20934
20936
20938
20939
20943
20944
20945
20946
20948
20952
20953
20954
20955
20957
20958
20964
20965
20966
20969
20972
20973
20974
20975
20977
20979
20980
20981
20982
20984
20986
20987
20989
20990
20993
20997
20999
21001
21002
21004
21006
21009
21010
21011
21014
21016
21017
21018
21019
21021
21022
21024
21025
21026
21027
21028
21030
21033
21034
21036
21038
21041
21043
21046
21047
21048
21051
21052
21054
21055
21056
21057
21058
21060
21062
21063
21064
21065
21066
21067
21068
21069
21070
21072
21073
21075
21076
21077
21080
21084
21085
21087
21088
21089
21090
21091
21095
21096
21097
21098
21100
21101
21102
21103
21104
21105
21107
21109
21111
21113
21114
21116
21117
21119
21122
21123
21125
21128
21130
21131
21132
21135
21136
21139
21140
21142
21144
21145
21146
21148
21149
21150
21151
21152
21154
21155
21156
21157
21159
21160
21162
21163
21164
21165
21169
21170
21173
21174
21175
21176
21177
21178
21179
21182
21183
21184
21185
21187
21189
21190
21192
21193
21194
21197
21198
21200
21201
21205
21206
21207
21209
21210
21211
21212
21213
21215
21216
21218
21221
21222
21223
21224
21225
21228
21229
21230
21233
21234
21235
21236
21247
21248
21250
21253
21254
21255
21256
21257
21259
21261
21262
21263
21264
21265
21266
21268
21269
21273
21274
21276
21278
21280
21281
21283
21285
21286
21287
21290
21291
21292
21293
21294
21295
21296
21297
21299
21301
21303
21304
21306
21309
21314
21320
21321
21323
21325
21329
21331
21333
21334
21335
21336
21339
21345
21348
21350
21355
21356
21357
21359
21361
21362
21363
21364
21366
21368
21370
21371
21373
21375
21376
21377
21378
21380
21381
21382
21387
21388
21393
21394
21395
21397
21400
21404
21406
21407
21408
21409
21410
21415
21417
21419
21420
21425
21426
21428
21429
21432
21433
21435
21440
21441
21442
21443
21444
21446
21448
21450
21454
21455
21456
21457
21458
21459
21460
21462
21463
21467
21468
21470
21471
21473
21474
21475
21478
21479
21480
21481
21483
21485
21486
21488
21489
21490
21491
21494
21495
21496
21497
21498
21500
21503
21505
21506
21508
21511
21512
21514
21515
21517
21519
21520
21522
21523
21525
21526
21527
21529
21531
21532
21533
21534
21536
21545
21547
21548
21549
21550
21551
21553
21554
21557
21558
21559
21560
21561
21562
21563
21566
21567
21570
21571
21574
21576
21579
21580
21581
21582
21583
21585
21586
21587
21588
21591
21592
21593
21594
21595
21596
21598
21599
21600
21607
21611
21612
21614
21615
21617
21618
21619
21626
21629
21630
21632
21634
21635
21636
21638
21639
21640
21643
21644
21646
21647
21648
21650
21651
21656
21658
21660
21661
21663
21664
21665
21667
21670
21671
21672
21673
21674
21676
21677
21680
21682
21683
21684
21686
21687
21688
21690
21692
21693
21694
21695
21700
21701
21702
21705
21706
21707
21708
21710
21711
21712
21714
21715
21719
21721
21722
21723
21724
21725
21726
21727
21730
21731
21734
21735
21736
21738
21739
21740
21743
21744
21745
21752
21755
21756
21757
21758
21760
21761
21767
21768
21770
21771
21772
21773
21774
21776
21777
21779
21781
21783
21786
21788
21789
21790
21791
21792
21793
21794
21796
21799
21801
21802
21803
21804
21805
21807
21808
21811
21813
21814
21816
21817
21823
21824
21826
21827
21829
21830
21831
21832
21834
21836
21837
21838
21839
21840
21841
21843
21845
21846
21848
21849
21850
21851
21852
21853
21856
21857
21859
21860
21862
21863
21865
21866
21868
21869
21870
21871
21872
21873
21874
21875
21876
21879
21880
21881
21885
21888
21890
21892
21898
21900
21904
21905
21907
21908
21911
21912
21913
21915
21916
21917
21923
21924
21925
21927
21928
21929
21931
21933
21934
21936
21937
21938
21940
21943
21945
21946
21949
21951
21952
21953
21954
21956
21957
21958
21960
21963
21964
21965
21966
21967
21969
21970
21974
21975
21977
21978
21979
21983
21986
21987
21988
21989
21990
21991
21993
21995
21996
21997
21998
21999
22001
22002
22004
22005
22006
22007
22008
22009
22010
22011
22012
22014
22018
22020
22022
22023
22024
22028
22029
22030
22031
22039
22042
22045
22046
22047
22049
22050
22051
22052
22053
22055
22057
22059
22060
22061
22062
22063
22064
22065
22066
22069
22071
22072
22073
22074
22075
22076
22077
22078
22079
22080
22081
22082
22083
22084
22088
22089
22090
22094
22096
22097
22098
22099
22100
22102
22103
22105
22106
22107
22108
22109
22110
22111
22112
22113
22115
22116
22117
22118
22119
22121
22122
22123
22124
22127
22129
22130
22131
22132
22135
22136
22137
22139
22140
22142
22147
22148
22150
22151
22152
22153
22154
22156
22159
22160
22161
22163
22168
22170
22173
22177
22180
22182
22183
22185
22186
22191
22194
22195
22196
22197
22198
22205
22208
22210
22211
22212
22213
22214
22215
22216
22217
22218
22220
22222
22223
22224
22226
22228
22231
22232
22233
22234
22235
22236
22237
22238
22239
22241
22243
22246
22247
22248
22250
22251
22253
22257
22258
22260
22264
22265
22266
22267
22269
22270
22272
22273
22274
22275
22276
22277
22278
22279
22281
22282
22283
22285
22287
22289
22291
22293
22294
22295
22296
22299
22302
22303
22306
22307
22308
22309
22313
22314
22315
22316
22317
22318
22320
22321
22323
22324
22327
22328
22329
22331
22332
22333
22337
22338
22339
22340
22341
22342
22344
22348
22349
22350
22351
22357
22358
22359
22360
22361
22362
22364
22365
22366
22367
22369
22370
22372
22373
22376
22377
22379
22382
22384
22388
22389
22390
22393
22394
22395
22396
22397
22398
22399
22400
22403
22404
22407
22408
22409
22411
22412
22413
22414
22417
22418
22419
22424
22425
22426
22428
22433
22434
22435
22436
22438
22442
22443
22445
22448
22449
22452
22453
22455
22456
22457
22458
22461
22462
22463
22470
22471
22472
22475
22476
22478
22480
22481
22482
22483
22484
22485
22487
22491
22493
22499
22500
22501
22502
22505
22506
22508
22509
22510
22511
22514
22520
22523
22524
22525
22527
22530
22531
22533
22534
22535
22536
22538
22539
22540
22541
22542
22543
22545
22547
22552
22553
22555
22556
22558
22559
22561
22562
22563
22564
22565
22567
22568
22569
22572
22574
22577
22579
22580
22581
22582
22585
22586
22588
22590
22591
22593
22594
22596
22597
22598
22602
22603
22604
22606
22607
22610
22612
22613
22617
22619
22620
22621
22622
22623
22625
22626
22627
22628
22629
22631
22632
22634
22636
22637
22638
22640
22644
22645
22647
22649
22650
22651
22652
22653
22654
22656
22657
22658
22659
22660
22661
22662
22663
22664
22665
22666
22668
22671
22672
22678
22679
22682
22683
22684
22685
22687
22688
22689
22690
22692
22693
22694
22698
22699
22700
22701
22703
22705
22706
22708
22713
22714
22715
22716
22717
22718
22720
22721
22723
22725
22729
22730
22732
22733
22734
22735
22736
22737
22738
22740
22742
22743
22744
22745
22749
22752
22754
22755
22756
22757
22760
22761
22762
22764
22765
22768
22769
22770
22772
22773
22775
22776
22778
22779
22780
22781
22783
22784
22786
22787
22789
22790
22791
22792
22793
22796
22797
22799
22802
22803
22806
22812
22814
22815
22819
22820
22822
22823
22824
22825
22826
22829
22830
22831
22833
22834
22836
22837
22838
22839
22841
22842
22845
22846
22847
22848
22850
22851
22854
22856
22857
22858
22860
22863
22865
22866
22869
22870
22871
22873
22874
22876
22877
22878
22881
22882
22883
22885
22886
22887
22888
22890
22891
22892
22895
22897
22898
22899
22900
22901
22907
22908
22910
22912
22913
22915
22916
22920
22922
22923
22924
22925
22926
22928
22929
22930
22931
22935
22938
22939
22940
22942
22943
22944
22947
22949
22950
22951
22952
22954
22957
22959
22961
22962
22967
22969
22972
22976
22981
22982
22983
22984
22986
22987
22988
22989
22990
22991
22992
22994
22995
22996
22999
23001
23003
23005
23008
23011
23013
23015
23016
23018
23019
23020
23021
23022
23023
23025
23026
23027
23028
23029
23030
23033
23034
23037
23038
23042
23045
23048
23049
23051
23052
23057
23059
23060
23061
23063
23067
23068
23070
23071
23072
23073
23074
23077
23078
23079
23081
23082
23083
23084
23085
23088
23089
23090
23091
23092
23094
23095
23096
23097
23099
23101
23103
23104
23105
23106
23110
23113
23114
23116
23117
23118
23120
23122
23125
23126
23129
23131
23132
23133
23135
23138
23140
23141
23142
23145
23146
23150
23151
23155
23158
23159
23161
23163
23164
23169
23170
23173
23174
23176
23177
23181
23182
23183
23184
23185
23186
23188
23189
23193
23194
23196
23197
23198
23199
23200
23203
23205
23206
23207
23208
23210
23211
23213
23214
23215
23218
23219
23220
23221
23222
23223
23225
23226
23227
23228
23230
23233
23235
23239
23240
23245
23246
23248
23249
23251
23252
23253
23254
23256
23257
23259
23262
23264
23266
23268
23269
23273
23274
23276
23277
23278
23279
23281
23282
23283
23284
23285
23286
23287
23288
23289
23291
23293
23294
23295
23297
23299
23300
23301
23302
23303
23305
23307
23309
23310
23311
23312
23313
23314
23316
23317
23318
23320
23321
23323
23324
23325
23326
23327
23328
23330
23333
23335
23336
23337
23340
23341
23342
23343
23345
23346
23347
23349
23351
23355
23357
23358
23359
23360
23363
23364
23365
23366
23367
23368
23370
23374
23376
23379
23382
23384
23387
23388
23389
23390
23393
23394
23395
23396
23397
23398
23400
23401
23402
23403
23405
23406
23408
23410
23411
23412
23413
23414
23415
23416
23418
23419
23420
23423
23426
23427
23429
23433
23436
23437
23439
23440
23442
23443
23446
23447
23452
23453
23455
23456
23457
23458
23459
23460
23461
23462
23463
23464
23465
23467
23468
23469
23470
23471
23473
23474
23475
23477
23478
23479
23481
23482
23485
23487
23488
23492
23493
23494
23496
23498
23499
23501
23502
23504
23506
23508
23510
23511
23513
23516
23517
23518
23519
23522
23523
23525
23527
23528
23529
23532
23534
23535
23536
23538
23540
23543
23545
23546
23547
23548
23549
23551
23552
23553
23556
23557
23559
23560
23561
23564
23566
23569
23570
23572
23573
23576
23578
23579
23580
23586
23587
23588
23591
23592
23593
23595
23596
23599
23603
23604
23607
23610
23611
23613
23614
23615
23618
23620
23622
23623
23624
23628
23629
23630
23633
23634
23635
23637
23641
23643
23644
23646
23647
23648
23649
23651
23652
23655
23656
23658
23660
23661
23664
23666
23668
23670
23672
23674
23675
23676
23677
23678
23679
23680
23683
23685
23686
23687
23690
23693
23694
23699
23700
23701
23705
23707
23708
23709
23710
23711
23712
23716
23717
23720
23721
23723
23725
23727
23728
23729
23730
23731
23732
23736
23737
23739
23742
23743
23745
23746
23748
23749
23750
23751
23752
23753
23754
23755
23756
23759
23763
23764
23765
23766
23767
23770
23772
23773
23775
23779
23782
23786
23787
23790
23791
23792
23795
23796
23797
23798
23799
23800
23801
23802
23806
23808
23810
23811
23812
23813
23814
23815
23816
23821
23822
23824
23825
23826
23827
23829
23830
23831
23834
23835
23837
23839
23841
23842
23846
23848
23850
23851
23852
23857
23858
23859
23861
23862
23868
23869
23871
23881
23882
23883
23884
23885
23887
23888
23890
23891
23894
23896
23898
23899
23900
23902
23903
23904
23905
23906
23907
23910
23912
23914
23915
23916
23917
23918
23919
23920
23923
23924
23925
23926
23927
23930
23931
23932
23933
23934
23935
23936
23943
23947
23948
23950
23953
23954
23955
23956
23957
23958
23959
23961
23962
23968
23971
23976
23979
23980
23981
23983
23984
23985
23986
23988
23989
23990
23993
23995
23996
23997
23999
24004
24005
24007
24010
24013
24014
24016
24017
24020
24024
24025
24026
24027
24028
24029
24030
24031
24032
24034
24035
24036
24037
24038
24039
24040
24042
24043
24045
24046
24047
24048
24051
24053
24054
24055
24056
24058
24059
24060
24061
24062
24063
24064
24067
24068
24069
24070
24071
24072
24073
24074
24075
24076
24077
24078
24080
24081
24082
24084
24085
24087
24090
24091
24092
24093
24094
24098
24099
24101
24102
24103
24105
24108
24109
24110
24111
24113
24114
24116
24118
24120
24122
24123
24124
24125
24126
24127
24129
24131
24133
24137
24139
24140
24144
24145
24146
24147
24148
24151
24152
24154
24155
24157
24158
24159
24160
24162
24164
24168
24169
24171
24173
24177
24179
24181
24182
24183
24184
24186
24187
24189
24190
24191
24192
24194
24195
24196
24198
24199
24201
24202
24203
24204
24206
24208
24210
24213
24214
24215
24217
24218
24219
24222
24223
24225
24228
24231
24234
24235
24236
24237
24238
24239
24240
24242
24244
24246
24249
24250
24251
24252
24253
24254
24255
24256
24257
24259
24260
24264
24266
24267
24271
24272
24274
24276
24277
24278
24279
24281
24283
24287
24289
24290
24291
24292
24294
24297
24299
24304
24305
24307
24309
24310
24312
24314
24316
24319
24320
24321
24327
24329
24330
24332
24333
24336
24337
24339
24340
24344
24346
24347
24350
24351
24353
24356
24357
24358
24359
24360
24361
24362
24363
24364
24367
24368
24369
24370
24371
24373
24375
24377
24378
24379
24380
24381
24382
24383
24386
24388
24390
24395
24398
24400
24404
24405
24408
24409
24411
24412
24413
24415
24417
24418
24420
24421
24425
24427
24429
24430
24431
24432
24433
24434
24437
24438
24442
24444
24446
24447
24449
24450
24451
24452
24454
24456
24459
24461
24462
24463
24465
24467
24470
24471
24475
24476
24479
24480
24482
24484
24485
24488
24490
24491
24492
24493
24497
24498
24499
24501
24502
24504
24506
24507
24508
24509
24510
24512
24514
24515
24516
24518
24519
24520
24522
24524
24525
24527
24528
24529
24530
24532
24534
24535
24536
24537
24540
24541
24542
24546
24547
24550
24551
24553
24554
24555
24558
24560
24561
24562
24564
24566
24567
24569
24571
24573
24577
24579
24580
24581
24584
24585
24586
24588
24589
24590
24591
24592
24593
24594
24595
24596
24598
24599
24600
24603
24604
24605
24607
24610
24611
24612
24613
24617
24618
24620
24621
24622
24623
24627
24628
24629
24631
24632
24633
24634
24635
24636
24637
24638
24639
24640
24645
24646
24647
24649
24651
24653
24654
24656
24657
24658
24659
24660
24661
24663
24664
24665
24666
24667
24668
24670
24671
24672
24674
24675
24676
24679
24680
24682
24685
24688
24691
24692
24693
24694
24695
24696
24697
24699
24700
24701
24702
24703
24704
24705
24706
24707
24708
24709
24712
24713
24714
24715
24716
24718
24719
24720
24721
24722
24723
24726
24727
24728
24730
24731
24732
24734
24735
24736
24737
24739
24740
24741
24742
24743
24745
24747
24748
24749
24750
24751
24755
24756
24757
24758
24761
24762
24763
24764
24765
24768
24769
24770
24772
24777
24780
24782
24783
24784
24785
24787
24789
24790
24793
24799
24800
24803
24804
24805
24806
24809
24810
24811
24814
24815
24816
24817
24818
24823
24825
24826
24828
24830
24833
24834
24835
24837
24840
24841
24842
24843
24846
24848
24851
24852
24854
24856
24857
24859
24862
24863
24864
24865
24866
24868
24870
24871
24872
24874
24877
24878
24879
24880
24881
24883
24886
24887
24888
24889
24890
24891
24892
24895
24896
24898
24900
24902
24903
24907
24909
24910
24912
24913
24914
24918
24921
24922
24923
24924
24927
24929
24930
24935
24937
24938
24939
24941
24943
24944
24945
24946
24947
24948
24949
24951
24953
24955
24956
24957
24959
24962
24963
24964
24966
24971
24972
24973
24975
24976
24978
24979
24980
24981
24982
24984
24987
24988
24990
24992
24993
24994
24996
24997
24998
24999
