7721
7453
2023
3414
869
2159
2630
3299
5508
1748
2458
7143
7196
8206
5410
2127
2722
693
1530
317
5050
5232
6854
4845
7936
3108
3132
5598
8105
4622
3399
8680
757
7425
4177
2584
3048
6555
4364
8791
6102
6386
7948
3596
522
1567
4951
1462
7616
1166
2977
37
3236
4041
3235
5864
6451
4449
3462
5647
7316
3434
2838
2084
1850
1500
5346
3113
6391
3539
5486
4087
2603
7793
237
4481
5472
3134
153
3178
670
4555
5983
8395
3950
340
6097
3639
6616
7545
2334
1121
5592
4420
4018
1228
4148
4120
3573
8252
5082
5690
3859
7167
6973
5149
2185
5422
2014
5605
73
8357
8596
6812
6630
4500
1343
5749
1233
4249
485
4021
544
2691
7829
8213
5875
2809
6298
527
8902
3998
4366
2180
3477
5857
2426
797
3253
4023
1742
4806
7270
7534
6109
7128
1759
7531
239
7636
2377
3218
7702
6454
565
4855
1474
8613
8219
2420
3181
726
598
5885
1823
1374
7098
7957
2311
1217
2403
6185
5373
5116
2472
1449
2633
8547
1375
6034
716
8801
5082
3320
2182
2648
6751
8704
5802
4758
286
8071
6157
5153
2879
2789
1380
7622
8497
3622
6129
3439
729
7434
659
7083
4277
4309
3783
8278
6153
5382
828
8674
4473
4652
3696
2013
3500
8531
5617
6619
5462
5785
7089
3349
8781
7339
6026
7268
6597
4962
6879
7134
6317
6279
7158
8093
3320
5156
7515
8119
1080
982
5038
6980
7491
8504
5273
3531
3114
8358
5531
3854
7752
4583
3609
2154
2417
3765
1697
8842
6379
1741
1760
5708
4236
1590
311
4538
4497
5177
5766
2611
1184
5779
4955
8042
5738
7171
7237
7828
7324
7035
4247
852
3455
7845
7128
3787
4615
2780
6846
6330
102
754
7126
7375
8611
571
3221
8754
203
7115
7030
4005
7960
1363
5204
858
8366
5155
3170
8244
2520
2074
6713
1413
5274
3615
6269
590
3983
3763
3055
2622
7709
3562
2621
7358
7839
1755
7171
7001
8348
3915
2728
3811
2056
4654
1027
4944
3002
1027
5251
5891
5352
7519
3406
3908
4079
6444
3891
2794
5204
1821
2905
5753
5422
6624
8980
4225
7755
3159
3255
1669
8404
4312
3364
6323
4751
2070
5308
1523
5430
5824
8672
2402
7042
8258
1634
4793
5669
1600
4369
7516
7742
4167
7013
7763
7368
5802
350
6353
2631
1329
1348
7376
6061
6245
6044
3415
7310
6962
8039
8063
1313
6657
7393
3817
3649
2498
408
176
5463
2089
8505
359
4515
5229
2352
5757
1111
4382
5929
658
5999
8252
2882
3571
1062
6345
6077
756
2989
4246
1501
5582
8817
2439
5571
3891
3441
5130
3180
3859
8644
2485
1518
673
1378
203
576
885
3641
4917
7156
4465
4158
3877
4250
900
5669
5671
1635
1582
7286
5465
4297
6290
4982
7551
6619
2080
4530
5101
6720
3029
5770
7854
3537
5263
30
7069
3209
2234
3852
1153
4523
7643
7217
3352
1605
7055
2724
2255
2652
4175
1340
3470
1978
7450
7270
6741
1786
2684
1054
3680
7302
5858
6727
7914
33
7484
5587
8348
4695
6924
4032
4763
1176
15
973
7592
5685
5263
3601
7735
7502
2308
1978
7517
954
1138
5181
2700
4927
3673
3739
8456
7432
1003
4415
3148
8462
4782
1840
6708
8446
6542
8287
8323
4038
462
4027
7710
3635
8397
3361
1942
4040
2420
2178
6705
1542
5641
3303
4151
240
2647
4585
8350
5190
476
5342
4856
8988
2757
908
774
2333
1930
1529
8387
3844
5459
3467
3903
6682
145
8796
1150
6572
7752
3067
2272
3741
4908
3997
8465
5632
1502
89
375
1693
2120
8841
2328
284
389
1014
1508
3744
1870
127
7200
2700
4439
1776
7935
8408
5810
3938
2134
200
3350
4176
3350
2451
1350
7679
8794
7439
3353
2291
6841
1005
3728
877
6791
5543
89
2793
3473
3233
7850
5268
4693
2551
1141
7011
8211
148
8175
3027
8192
5515
5311
7226
4606
8091
5406
5020
8161
2249
7327
2080
6301
4184
221
3613
3335
4720
8740
2702
8693
3859
5878
8680
2523
3899
253
4379
8019
5403
6274
1980
3805
8224
4196
4330
8742
7415
456
1300
646
3910
7170
1323
5367
8631
8435
325
6196
8556
157
7709
7112
4565
6905
1366
7384
570
4300
4348
8789
8977
7496
150
559
4441
102
3277
5190
7134
7365
540
4933
7213
4005
1100
6278
1571
434
3467
159
3538
8665
4358
1060
815
2640
7683
3972
3567
8391
3591
8665
6243
1501
8865
429
1735
3902
6398
4800
7446
7806
4667
4982
3782
4069
3926
4332
8984
7120
8795
5880
929
688
89
6042
6406
3367
312
5613
6577
7814
7025
7381
8005
3283
419
1608
443
3730
3782
2421
1828
2327
2427
2624
4318
2297
2053
8772
5813
2649
5679
6042
1314
3866
6971
7255
4264
5720
2550
5985
5826
887
8560
2880
8645
6053
5825
5251
4862
4325
2358
6654
6558
8232
4638
6399
8081
7447
5922
997
325
1184
3292
8740
4494
4752
8114
2133
248
7351
6361
8508
8304
8089
6362
8804
1114
8007
6901
4784
5288
5929
2492
7758
8097
7916
7036
5931
3578
1248
1266
1478
765
6406
8860
8952
473
6768
5745
7199
6397
2527
6185
4826
4357
1195
2097
6300
4099
5453
8804
982
2788
8446
4419
5440
4905
2842
4609
2955
2177
4632
766
3733
4432
6673
2079
6253
4930
1157
6553
3075
8897
8763
4498
4389
1046
8070
9
4557
5314
7126
2913
6021
3103
4041
7221
6524
3112
6429
5097
7285
1389
2570
7257
720
8348
800
1297
5487
2061
5637
8589
2379
5165
7115
4540
2826
1047
2359
8800
6936
3530
724
7739
2195
6150
4846
8472
216
6347
2440
4828
7194
7635
2564
737
8126
1199
2602
3739
1660
4367
4454
5964
3931
416
1793
6119
6147
3309
1409
8651
4849
6153
7048
8305
3143
6637
5941
5014
102
3565
2548
7458
2427
4104
6166
4940
8260
7722
4093
5469
4793
5205
4158
240
2119
2613
1546
3559
7888
1940
7760
7183
1921
1265
7507
1428
3749
1875
4912
8538
1173
4158
8548
1157
3457
6385
5737
2001
1793
4236
1422
8551
8730
6299
1488
87
858
3888
1705
6429
5334
7324
783
6984
7204
3935
3812
8032
5135
6807
1229
1443
7010
5517
8199
6569
1712
1905
2221
7676
6271
2315
6042
822
4600
169
6118
6607
3439
2377
2814
8441
6866
3301
1126
8082
5537
8833
8451
663
3323
2571
332
4353
2426
4436
402
5668
6300
4147
160
3235
4339
6614
3346
8550
8959
2203
3810
6644
1814
1486
4637
6111
5092
4138
3621
2556
5355
2553
1067
7157
1979
6668
3150
6772
5261
4393
7287
5214
8413
3524
5298
1326
4571
7987
3223
8567
5003
395
5695
606
4768
1180
8500
8455
6650
6005
988
8364
6254
1370
5049
6527
4265
8523
5430
7681
1074
4967
8958
8976
676
4311
2439
2388
1035
2029
6394
8884
6903
1427
8824
5290
408
3537
107
5161
8539
1822
8850
6611
2411
7721
6604
8709
61
536
88
5412
3271
3834
4403
4559
4301
7965
5720
7876
878
6489
3076
2889
5067
837
8577
5080
2940
5181
8426
3350
8819
2455
3709
4182
474
1548
1316
7103
4705
8215
3089
5758
3409
7063
3624
2987
6355
7503
3030
5036
6785
7258
4862
1612
4513
3683
6756
7985
6766
8290
647
2270
703
1278
2776
4499
6463
2929
6618
3544
5712
8813
4331
2925
4085
4397
7114
756
2521
241
1098
1212
1906
2212
4797
7729
6748
7434
3815
5056
8181
1319
5296
578
8730
3388
1930
5109
4419
6701
2904
5481
7253
7605
2087
1448
1137
8130
1815
215
4395
4328
8893
7850
8360
7916
1937
4621
2041
4509
3938
3370
1225
7144
4182
7516
2472
8028
7951
6659
4340
8977
392
8195
3634
3971
992
4918
3441
2552
8695
4694
7029
8788
6412
8024
2053
61
392
2872
1646
8729
3375
2674
5554
8382
4058
1005
8318
6812
5594
7982
6450
5054
1644
2751
6832
4099
3598
5416
2010
4952
8407
3400
8412
2787
7742
4378
7375
7462
7729
5849
4956
7171
1504
6149
1630
6971
3102
4894
4956
1588
3074
170
7339
5502
6261
7165
7720
4086
4492
4043
1980
7238
3408
3471
8902
938
7123
871
4064
5638
3130
2288
1066
1053
7991
1003
1648
4210
5988
5568
3613
2521
3402
5445
6392
5246
4229
3724
8514
6799
241
5994
5609
7666
2304
5965
2620
2165
2554
1517
6661
821
5610
931
4694
6721
5387
4455
7181
203
3619
7421
2871
2116
1426
1885
2274
7644
7589
220
3465
4824
4913
1318
4170
8871
3086
2848
204
4604
7825
3791
709
2259
3168
2642
5204
431
6428
5411
1448
6760
6613
8250
2250
5308
4834
89
1267
4158
8612
5932
3786
8778
4713
3352
7415
203
6160
5772
2827
5025
1959
6435
3953
4530
6820
5121
4436
1033
5870
2808
7856
7729
4851
5964
3045
5063
8041
7837
3213
4295
2448
3801
523
3977
3905
5994
6089
7894
4420
296
7994
2896
2493
377
2746
842
3731
2514
7912
7343
8195
1376
5321
29
4802
4474
8408
6340
4595
8277
2336
4859
1408
6627
3388
8615
6423
5504
6300
122
3530
2587
3031
949
3330
1047
7420
2502
82
3938
293
6987
8575
8057
3704
3130
1040
5490
8933
1550
8596
2228
7652
5619
7876
1899
5104
6300
3042
4575
2496
4768
6398
4739
2356
3969
2569
8096
5600
2799
6300
1028
4041
199
817
3426
4738
1827
3260
3349
6485
8528
4939
8719
5413
1994
8854
6788
7570
8806
4830
345
458
4042
871
7542
865
5096
7173
5215
7481
7046
8779
3245
4930
3390
2023
3331
5250
1431
8625
1746
4706
2152
1563
2828
5414
8729
8418
5338
7389
55
1579
7841
4181
7117
3737
1885
4969
3752
782
1790
2317
4482
8643
1654
4050
8524
7377
8523
1973
3414
8182
6499
3021
6172
3247
6717
4906
5737
6796
2687
2081
7301
8080
8221
904
1625
1262
7603
3311
2950
5351
8805
2189
1176
7152
4314
2194
5855
1908
6832
6517
7750
8043
5937
8761
6270
7672
975
4242
3212
4098
2627
6222
8126
4958
8291
3035
1287
7311
6968
2276
530
5656
4717
5096
4218
8441
2273
4925
3151
7818
6858
4963
8995
3190
6597
6080
5332
4490
1598
3122
7900
5072
7465
4709
6201
778
1256
5528
6285
5988
4181
3739
7317
1476
164
5488
3499
3617
1189
6291
5439
3658
6803
7721
7929
7648
2550
4675
6646
501
2262
5697
5801
8665
8963
8514
7573
3711
6595
4406
1904
312
509
7350
5666
627
7758
2973
3763
2178
5825
3507
6685
5050
3812
737
1498
4254
5185
1193
3909
3680
1252
7588
2022
3768
1989
843
2014
4756
8631
5755
1475
8824
304
5181
6481
3425
4894
1460
4104
1092
6753
2712
678
2701
1457
7979
2460
4373
5320
3275
6720
3351
7234
753
334
2867
1669
4656
6883
8525
7608
5874
309
7959
8914
3478
2904
2970
5612
6056
2045
4612
2229
7694
3426
8379
5028
5543
4772
3645
928
154
3871
1746
1558
6098
471
5631
5710
295
6341
4430
1198
8592
3518
617
6231
3791
5783
10
7195
8269
5447
7469
383
4414
6063
6608
7220
4464
106
5233
1761
4880
2435
3999
4097
2268
701
3827
6042
3057
1086
2589
6532
3470
8530
1367
5093
6471
7081
7912
5132
2357
4760
4817
4757
909
6536
4917
7091
6577
5234
4281
4866
8823
3336
2986
5213
3439
3120
2735
3522
718
1000
1559
631
2575
2763
7712
62
6997
3209
4501
6199
2005
4085
7520
295
6870
3943
8210
7394
8244
413
7254
4429
2665
7741
6136
4682
5865
3669
3318
6789
7713
600
1073
3373
3455
4725
7119
1057
5666
724
4720
1098
8449
6123
2799
2379
6015
3096
1715
6181
2250
5922
6098
8093
1357
6215
8242
2012
2864
8439
7751
1193
5436
7993
2315
5156
7673
2418
1827
8338
7520
3534
1722
6313
6763
280
5063
8622
3131
7430
311
6664
3143
4468
3554
1875
175
5109
6252
8877
5255
834
1578
7737
29
47
911
6659
8387
6727
8562
1246
2233
4755
4795
1699
5304
1458
1101
2982
5648
7152
1464
1165
900
6427
6560
3430
2003
4021
2910
8674
7262
1028
6768
1506
2287
4346
1333
2293
1369
7690
615
666
7948
3768
8710
4131
7334
1603
880
4920
3147
4586
8811
8919
1449
8981
3559
7331
6135
5755
4375
7594
1985
8144
8141
1555
2084
3233
6854
5473
7905
4190
6095
6001
764
6949
6341
8592
4380
4083
7565
3734
1838
4329
4344
6541
7515
5946
5009
7548
8334
6085
2833
4981
3201
8144
1259
6979
7592
213
1780
8581
6297
7213
8832
5872
8050
7735
6398
1491
1593
3383
1885
2233
6400
752
2840
1045
7485
7192
516
6676
2671
3148
8807
5482
2748
6295
2379
8889
3188
2700
7389
2748
6799
7716
1608
7728
2562
506
7460
7666
7878
919
8092
3431
8779
4020
6005
2390
3575
7633
5322
8062
3621
8497
7174
4473
3228
2368
8053
4143
8145
6439
3696
4319
1739
5028
8748
207
8355
372
8402
520
1021
2169
8891
2025
2375
888
7173
7444
2604
2224
8846
1112
4391
3659
1011
3319
8137
7533
5473
7380
6004
2548
3372
2720
8073
7145
907
7241
1098
4201
3816
2238
7128
1078
1525
5871
7870
722
5846
3895
7055
4099
992
1503
6910
3328
587
2999
7201
140
6604
2698
6036
2517
479
2863
8261
2870
8033
7654
6027
6437
6418
6421
8533
184
937
2258
3613
3032
8080
140
6469
6295
5519
6132
1769
5795
8050
1875
3108
5903
6233
2925
4941
2697
4934
87
8014
3534
8011
3921
1445
6257
2589
7684
3266
3042
4990
2622
3918
7784
4143
3144
2559
7899
3047
5565
119
2005
2092
1839
34
1276
3649
6503
3068
3580
1942
2507
7356
3870
7457
2257
6586
2261
1741
4082
3153
7210
2315
313
3339
4650
2306
5557
1630
3490
829
7200
1367
2989
3619
6588
1430
5063
6508
1990
7440
300
3129
4316
6269
4303
4452
6049
6294
6785
1708
8778
8190
2971
1788
8109
6319
5041
2179
504
3894
6161
3718
7937
2115
2951
1676
8559
2581
3939
2347
5159
2737
4355
2525
2645
3797
1692
5478
2014
504
2307
358
6708
111
1330
489
3638
2929
382
630
7777
3364
7253
3774
8000
3057
3541
2359
7424
588
4091
5715
3163
4222
6126
258
8231
2611
4214
2690
1277
8827
2354
7668
1889
3527
3880
3300
1254
5124
7278
1947
2574
8633
5665
69
8541
521
2964
8307
2265
1675
2441
1370
7140
7057
3730
3919
1501
1421
953
3675
2480
1071
3048
5898
5878
3813
6672
3262
8252
826
5948
1865
5620
4825
7741
7546
3262
8124
5549
3726
1991
5658
6020
5959
1169
2986
1842
5946
5892
4024
2806
991
2933
1446
7445
1480
3318
5018
1660
7156
3404
3646
2842
3712
2131
5833
6744
1802
8655
8654
5149
3262
1738
579
5204
6464
8665
3122
5283
5977
724
335
8931
3610
1667
5983
3541
1022
3457
7934
1435
1257
5100
728
2345
8829
301
608
8740
8053
6436
1194
3148
1021
7520
1356
4509
7717
4144
7677
5259
3193
7037
474
7664
8569
6366
8928
7740
8328
2788
2626
681
5586
1116
8231
2418
3132
4781
1734
4222
5184
2147
8901
8005
5697
6271
8603
8140
8546
692
8794
3690
7929
3973
561
7125
2829
6083
1783
302
5937
7503
6678
2059
5806
6123
1787
7737
2776
672
8606
1160
2695
8807
755
3859
1128
1717
7196
2651
8952
8080
6746
2310
7002
5682
2409
2561
7310
5681
1159
838
7821
4780
8206
7531
7436
6522
3456
2061
5547
7214
8198
5043
5558
6597
5373
69
8832
7651
6271
7909
394
3772
8680
4994
576
4369
3524
824
2874
2907
21
5312
3634
5896
3009
399
5003
3050
369
2797
8657
1023
6574
5953
1161
1169
7668
1403
537
2023
255
3931
2075
5954
7276
310
2161
7844
4115
2152
915
1920
2572
137
8364
6447
1615
8055
6658
2827
4879
2816
8096
3275
4982
3899
8126
1401
7564
3437
8254
8576
3065
3565
5332
5631
2400
2279
4770
7509
1995
4377
577
5019
1405
7885
7846
396
2768
752
2876
8469
4672
6887
8260
1745
4984
3896
6652
1935
4688
8480
8076
4313
5470
4901
492
1168
4383
1932
6581
4852
6212
4697
2764
104
587
8263
256
7664
6238
80
4762
2515
393
6344
709
6777
1024
8164
175
5162
6720
1121
2368
8918
4324
3390
1348
311
3992
3653
6208
8638
8138
8909
6763
5197
1973
5965
1572
8547
7486
6308
5007
5182
3075
2543
5478
2557
2451
8077
2670
7679
544
1724
5092
6881
4691
3274
3862
4683
7198
4035
8212
7077
3434
4326
4927
2415
5351
2512
6922
92
3812
3454
1591
3584
3831
8813
7811
5734
4435
7517
7296
3515
7073
8850
3561
6997
2125
8986
1619
2450
8751
8367
4189
6227
1024
2735
1993
6567
8660
4844
1161
5168
8059
1332
8001
5714
1031
7362
2014
5611
3732
8680
8809
4521
5880
3768
7168
3997
6412
457
4492
4319
5281
2928
5680
2239
6263
2467
4594
6507
4027
2146
1168
2076
3523
1929
2774
2314
6601
1235
1021
1018
4077
1871
34
384
4780
728
8664
6417
6034
5804
7786
4580
776
6066
3387
6996
537
4640
6265
8079
42
8179
8131
5688
4994
4894
7814
6373
5265
6210
510
6566
6860
5610
1973
5672
7923
4196
2022
2167
6241
7072
7449
6032
1443
8199
5623
712
3873
2972
8649
8127
8963
1114
8248
5285
4405
8048
4491
6495
1302
1509
6001
6028
8550
145
5388
6646
2437
2442
5822
7908
3994
8949
5195
1260
8518
3487
5207
2225
8464
4157
7318
7104
3197
6431
7263
8920
5083
7618
8074
4763
7117
827
6388
258
5715
424
28
6247
845
6047
4377
5127
3073
6496
1390
6203
3881
835
6757
5396
5036
6406
3109
290
404
5778
7989
1047
4434
2455
4798
204
4485
5474
1867
6922
2051
4476
3181
5261
6456
6650
3665
2027
6785
7443
5301
2943
55
6571
6407
4479
2265
6845
5916
5483
1728
1300
4121
7538
4372
6138
7843
6139
154
6297
995
8219
8451
1102
7020
5387
3277
7611
2417
6105
2406
4944
8669
4643
5865
3616
4935
7742
2340
2182
8700
4166
4238
5786
8293
2399
1494
5208
5952
6314
5708
3949
5751
1700
83
6418
7986
5928
8572
2334
6468
8989
777
7872
3642
6974
771
11
2019
1632
8994
5850
2851
2268
8344
1018
6007
3283
5827
7126
8657
6617
5936
7253
427
1197
8776
690
1251
5210
8543
8225
6238
666
8087
8294
8603
6868
6143
3675
5487
1766
7973
7398
6579
7842
4715
2356
8096
7864
5051
6525
1309
280
7443
1061
3076
7586
1020
3734
2356
5926
7649
1171
4334
239
6090
4784
2086
2015
7488
3512
4545
8598
5668
4477
3104
4482
4161
7084
2909
6292
3581
3889
1850
3825
5929
620
8104
1238
5238
6490
4788
3358
4321
5071
4157
6830
2922
6186
860
5404
3639
4461
425
4070
2933
2409
7614
1500
321
7010
2751
1214
7544
8951
1659
6062
1554
6868
2972
3698
6684
5580
8889
5359
2338
2612
1910
415
4506
1220
8808
4197
8015
5902
4877
4211
5176
7026
4126
577
4860
1832
6746
2308
4048
2681
6882
4113
7977
3241
5469
1219
4212
1150
2536
1811
3430
4106
3023
6783
4274
5830
1576
4346
2431
1431
932
4006
7947
7820
8980
3587
6932
5585
119
7812
5917
3535
1968
1348
7060
836
3686
8259
3477
4737
2888
3974
7293
8686
2141
2911
6195
2230
7402
6690
691
3834
932
7805
6358
4511
6839
8472
8130
6310
8309
3435
8440
8740
1672
202
505
5071
3538
6926
193
3557
5747
7153
6928
4445
1667
2134
4383
4538
37
5792
7723
4024
1703
8545
4412
1194
1720
1719
8270
7087
5805
6955
6433
421
6433
5765
2472
1160
7290
281
2234
1652
1143
564
1279
4499
3286
7157
2042
3695
3126
4697
228
1889
4846
1959
3210
5359
7375
6595
7110
5710
4511
1641
3887
8878
5488
7966
126
8919
4902
6293
6644
2487
5809
8515
6622
1570
8921
7043
5398
822
1943
6129
839
3213
3155
7019
4876
4323
4039
4572
1898
864
8836
214
8929
6308
1655
4955
3420
3819
7385
2788
1797
8377
6303
5206
1668
6042
1944
7866
7253
8141
4890
8467
687
3701
7750
942
527
4833
2487
5917
1266
8097
2903
7932
5955
5512
1136
7223
7131
373
845
6348
6715
6813
6465
7418
5150
3419
8514
1497
8978
5493
5362
1319
6325
7183
7471
2708
7393
795
8033
3774
677
8449
4171
7339
2198
8765
546
5356
5691
2193
8514
5764
6577
6620
6942
3532
6961
5972
5072
4041
813
5836
783
574
7462
3501
5406
3868
826
5452
1857
7554
3819
8419
54
7138
2617
1406
4139
4662
1253
827
7913
2019
8511
7421
7179
4731
6505
1471
3646
8428
8905
1764
8862
3764
5229
1167
111
7568
6887
559
5258
3090
7209
7312
8370
4320
3093
2978
79
4141
2433
6671
7861
1818
1703
3529
3358
4102
1448
5992
5162
7079
2087
3885
477
775
1105
7238
7544
579
1129
3132
3523
8816
4639
3514
4505
6107
7921
4128
2072
4202
2568
8251
2893
6652
3958
5127
213
2201
6542
6526
4169
4560
5104
3914
8034
2150
503
1139
4556
6117
8216
3347
4590
1305
2840
1560
4980
4160
5634
2619
8475
3709
4774
1710
957
8556
7858
894
4652
5664
4856
6357
2113
6056
3858
912
6051
7870
6174
5259
8638
4520
3891
7592
4028
6663
386
3267
1442
8182
7244
4792
1031
4349
5549
3952
93
3674
6508
7322
3698
5714
4495
97
1749
102
2687
7535
2763
606
7409
4209
1681
6732
8371
4947
2528
3851
4832
4388
8198
1776
8545
2748
8955
477
1157
6154
1526
4815
1159
3359
509
3413
8016
7378
1112
4990
5216
1146
8539
1998
1918
8860
1116
758
6062
7081
4716
1601
8811
5756
488
4409
7964
8231
6089
5415
4406
2186
4755
7107
2284
3169
3860
4114
2918
2321
6747
4872
8830
4060
3614
7701
8355
320
8509
1241
4423
4768
616
5247
2650
5087
7396
8920
1630
1832
7505
3667
7955
6286
3898
7474
3122
4770
5428
799
1517
8372
1090
7393
8434
673
6320
1331
1398
3692
3543
6709
7018
2494
1729
1149
7641
8844
6388
8433
3986
7450
1785
7729
2127
5920
7186
2951
4926
3958
8240
8027
4203
2352
4526
433
7390
7288
2664
7434
8450
4069
2708
802
3573
121
8741
3306
3562
2912
1210
3371
1033
3637
6901
3522
109
5449
5426
8961
5261
1092
6081
2075
2218
4877
4172
7687
29
5818
6380
2235
3761
1728
6131
883
7486
5517
5588
1876
2431
4183
6378
8718
3713
510
1156
7284
2392
3304
5176
3274
2023
6740
3769
8105
4093
135
5622
923
8929
4486
8622
7399
2333
838
1366
3633
228
1927
5992
9
209
7090
2071
7989
477
2813
4767
3803
733
5511
7047
2645
2062
763
8532
111
478
6450
7127
1477
2905
2672
7565
3845
8209
4532
4925
6318
6318
6763
1206
4437
3597
4645
8573
8149
7858
8700
3061
8954
4912
4869
2416
3438
5675
3391
128
8719
5336
4502
8472
1183
6462
6915
6927
5905
1869
6471
5183
3033
2778
4986
7815
3258
6349
2114
6439
2640
514
4800
6176
8438
4031
3346
8269
3909
6846
8036
6174
7509
6817
2182
543
6949
4694
8479
977
3908
8696
8077
2585
3902
5000
2188
3023
3748
413
4491
1482
2392
6125
6002
7373
3700
752
1845
1761
2768
4928
811
4541
2052
3068
8961
5454
5463
8347
3503
4302
1568
7275
3963
7824
4403
7675
6264
721
7643
5572
45
2328
4943
56
7548
8415
1308
2344
8735
6870
6539
7629
3768
4656
1569
3856
5055
6545
7866
3061
873
2517
652
1049
7594
3583
798
142
3226
1308
2751
3188
7657
2250
5794
4731
8817
1870
230
1967
5930
7943
8925
1328
4
8573
2647
3162
70
2180
393
2179
5371
2147
2015
1805
1447
5265
4111
492
3022
1306
8602
2470
1517
1257
6196
3334
4280
5447
2311
2056
6129
8891
2526
959
2905
6542
2105
8403
8894
1275
5835
5175
558
7434
5356
7661
1533
1697
2056
5542
6643
160
431
5692
3763
5899
2299
2092
6294
7423
6911
7360
4621
1560
711
8931
8552
5340
3937
6345
5648
5096
7689
4812
2076
8506
2608
880
2721
2987
1386
6699
4670
4672
7613
7784
2606
3769
2006
2866
3360
527
6020
4366
401
7764
1006
5643
972
4952
2699
7965
8721
175
7856
7449
1399
567
3925
1044
3256
3059
618
121
7242
2795
2585
8892
2411
2703
2217
8205
3776
7896
3426
8529
2256
6051
1447
2437
8119
2448
1649
4255
2015
5224
3994
116
5280
6329
6722
4772
1381
2617
1607
8325
3043
1018
4940
6429
1265
8681
5331
3981
4045
813
8605
1038
6470
8009
1787
165
3285
1640
526
3984
3560
7026
4024
8715
4237
1753
1173
4801
6010
5514
7630
6556
6707
4992
5136
6969
7913
8861
3422
7046
8401
7327
7554
641
4917
8554
6632
8468
6798
3642
3042
4260
7633
896
7421
573
7568
583
5323
7021
4071
977
2473
1574
3531
5911
8243
8209
3341
4739
8112
6925
2222
2123
1335
6180
7634
1375
7870
2824
7872
8359
6031
4914
6516
682
512
3259
8278
6647
2966
5611
6189
2809
5599
4492
3601
4804
8310
1612
3008
299
2260
5519
4852
7398
4821
472
2770
748
8037
7431
6172
8881
6595
6246
4051
4204
4699
459
7257
7501
8825
1976
608
6721
5020
8187
6510
4032
4330
2130
1152
856
1619
6544
3015
268
1787
7435
3894
391
7532
4021
5958
1508
5468
2171
5993
234
267
7281
8050
5988
87
1066
6883
803
6556
8323
8217
7992
5538
8608
8452
335
4038
2285
8233
4194
1992
4460
2952
8545
1503
4220
4377
7557
970
5144
5129
6748
8560
587
6209
6995
4377
8641
2238
2108
6212
5377
7187
16
2901
696
5640
1930
4065
6516
2519
7935
8788
1588
8863
8498
5704
7824
6466
1497
3577
5218
4931
749
2567
8213
4493
8274
3516
5928
1270
7954
5654
2270
1704
6036
4059
8286
6736
4926
2646
6717
7242
6380
4292
8906
3776
2662
2467
1219
1315
2151
1688
8006
4119
3641
7179
1771
796
8607
1006
3642
7891
3772
103
3593
8729
8467
3601
8346
4382
928
1244
8754
8544
1746
199
4924
8954
3901
6494
8398
1361
8529
1552
8073
2593
6725
8146
6185
212
4591
7719
543
8746
6091
6743
141
3641
5989
2245
8671
4666
8190
6043
5575
4632
7538
8475
8729
4908
4600
2765
6866
6422
7009
3822
93
6451
2981
4418
2134
7984
6492
618
5075
1309
502
5562
461
6689
4538
6753
3193
5312
5702
1578
1505
6931
6430
546
5690
2712
4401
2559
7562
6000
7409
1149
6836
8498
4681
5459
5760
7999
728
1511
7819
2174
6469
8977
2284
5021
7208
2488
643
7664
6490
880
3831
2806
1771
7906
4375
5991
4930
5434
512
1885
2152
3660
7391
2121
5716
6536
11
3168
8102
2432
6332
6439
5858
1455
7129
4714
3074
6547
1463
8022
1088
2891
2305
2865
2012
7680
6151
4135
8818
7338
7941
3482
8317
1502
6903
4520
8610
8388
6405
6220
8141
4192
4774
4010
2983
6246
2207
4535
5494
1392
5664
8207
1254
5842
5049
4412
5321
6618
6584
8691
4544
5092
1410
6555
1053
2824
4411
8749
7391
1601
2832
1104
1576
5688
369
6560
7111
4071
1770
3253
4904
7789
4930
3767
2700
5460
4951
4328
8421
5133
2074
5311
6558
7148
6101
7282
6180
244
3635
2954
6008
2646
3661
3059
8791
5692
2513
7129
784
1639
8221
8845
3241
3515
6511
7689
3495
4562
6778
8669
4891
1684
6441
7591
1526
4309
7431
8298
577
5511
7993
7114
5455
3183
6437
1886
2863
5941
6976
531
3278
3578
1357
2397
8278
7514
4518
6762
1043
6640
5741
5134
2542
1891
8907
4158
3440
8838
8823
1321
5608
5748
2867
3030
4601
619
7466
6038
7820
3151
8782
232
1200
7735
6802
1581
8449
4264
1434
7435
4044
1957
2802
814
1552
7137
6283
5104
6261
2129
3636
4778
771
3334
4382
1353
3997
1912
548
2460
2536
2056
3176
5489
3339
331
3594
3877
8301
1870
2303
4908
7590
1924
1862
8665
246
7483
6990
3916
6418
7315
4834
18
6820
94
4566
4000
2384
7924
6896
6129
5234
3200
4239
2672
8948
8345
6937
3616
5007
221
871
8281
8944
8143
2957
8843
1488
8483
27
5370
8150
3594
6402
84
659
8121
2324
345
482
1031
3356
4737
3064
7927
1920
396
3435
5175
2124
8777
4077
2879
3957
943
5325
7424
5639
6612
3433
616
6734
4034
124
1488
7635
3362
4443
3609
635
2782
8624
254
3489
3839
592
249
127
2861
326
5960
8620
57
8270
5461
2771
5870
3674
7775
658
8976
1616
330
2377
6878
3595
964
866
6940
8167
7185
2146
1215
8925
953
4854
8248
7625
2910
928
4142
4784
7174
3028
1516
4145
4612
5199
5167
4250
8210
2219
1444
4943
681
5820
6083
6576
784
8377
7689
2586
4832
988
4050
7475
8196
5559
3180
4971
6629
4274
2530
5411
1044
4355
6951
8790
5311
4734
3946
7815
3958
7722
8533
6052
8185
6
7509
5550
5111
3904
489
8068
3427
7270
7987
4621
5668
5720
1537
2942
7385
3092
8398
4165
8634
8743
270
4063
1224
6942
2452
4341
5220
1508
2699
5432
2962
820
3372
6027
388
4563
3172
775
8329
6937
739
6418
7963
3651
2616
1943
1310
346
8701
2987
7782
4217
2144
4305
7802
2456
4942
1588
3017
905
6257
1875
2667
5182
7863
7237
4447
4564
4912
1484
4862
6164
6530
6028
4304
1352
8836
819
8767
457
4714
3271
2266
721
1970
8970
7568
6035
8395
4365
1747
1448
1467
2865
6430
1389
4417
1807
8327
8611
3027
2599
6247
2126
3411
6716
203
2593
2742
1539
3758
8543
2954
5314
8951
2642
7827
5183
8
3611
4410
8790
121
3418
4472
7295
5294
7391
5603
1555
1033
2213
6084
3808
2174
2708
