11951
8080
8734
2847
9037
301
324
11729
491
13340
6049
12251
5487
8055
7356
635
5861
10789
14379
371
7324
39
6170
13488
11665
11117
4241
10380
4691
3032
3334
8593
12626
331
4970
11833
9918
8877
10852
10752
4728
11405
2388
10533
699
12090
2527
7848
10894
1273
10418
12245
2381
14583
12492
465
11843
1060
5914
4904
1398
6380
3353
10575
9694
8098
12903
6645
6405
6234
12789
7058
1940
6496
4873
13088
6630
11845
809
424
6120
98
4382
4317
8631
6289
14866
9861
2669
1428
12004
7482
693
6664
4188
14146
6607
10598
7815
6968
627
14425
227
10613
14898
4514
6237
8501
13160
5482
9214
12594
68
8133
12174
4313
10319
998
8278
8053
7443
7771
8487
12852
14278
11199
2109
2888
11950
14618
3808
14506
5971
4235
11081
11752
7404
5694
7170
14639
12176
1307
5543
2670
3532
3818
4401
14417
9992
12885
9898
13025
4120
14773
6019
2763
12447
7042
14639
12197
9503
14141
10182
11514
8842
5508
3551
1042
8594
3586
6378
11455
9396
5311
3154
5292
14186
2360
13726
14903
2096
132
4104
25
7135
10193
4078
11249
3846
3242
10634
11546
5114
6174
5098
10636
10330
10672
7822
12245
5847
10000
5566
11613
8356
125
3524
1519
13323
2023
11599
5420
8192
3695
8042
1958
5374
4649
7667
5390
9081
2206
3540
1140
520
14440
9917
4126
12676
2968
9078
12582
9151
3471
57
10204
4943
4442
632
3649
10448
14043
3340
3607
14959
4761
12973
6975
5653
13858
11783
11800
2066
4077
8151
4627
4041
5696
4478
258
5585
11978
761
13318
9526
13153
2560
10483
11839
3875
5484
6874
7199
6404
4471
12249
12939
12124
8446
14497
12793
3566
7620
23
9742
13400
1014
14919
3693
11134
12168
465
509
8867
12783
890
13451
5826
11228
7738
3527
11330
11410
13974
5061
3992
13077
12459
1706
12754
2254
8417
2924
962
1932
8407
10481
1986
14732
5120
705
6830
11346
5088
6189
12981
2702
4657
3579
3800
336
5597
9787
3870
6433
8121
6973
8970
14804
10341
9844
2309
7290
12352
13371
5207
5859
11897
4038
14940
5054
8905
7856
1509
3384
11145
5761
5928
2771
8882
12332
4519
4419
1819
11170
12220
9121
13731
9056
6186
12067
2863
10005
7951
6936
13006
4440
6278
8323
5542
9709
3831
14604
3325
11345
3356
11630
8293
593
4707
853
7239
7675
8837
13627
1054
7496
11348
13280
21
2616
612
5426
11795
579
9696
5525
10571
939
562
9278
791
12880
9381
10709
12872
10595
8267
10609
13634
8847
11866
7674
12414
8121
3217
7537
6617
10136
3221
2535
11662
9457
1585
4646
1390
2922
5470
1414
8607
3776
8947
7135
1570
4761
11285
13976
10491
3534
8021
14772
7433
6734
6114
2463
14658
11728
14305
7939
2934
8689
11089
1460
3496
13361
2791
5100
8651
2443
14235
11058
12776
12255
7548
5104
1805
4165
11214
1910
4403
12916
8543
12954
1311
3068
10833
6766
14017
9816
3738
10032
7827
9619
32
10715
5108
14442
14458
7033
1467
9357
9181
13868
2705
4550
7273
13049
14591
7478
641
11870
13268
9490
6263
4212
7355
5632
12128
12108
2922
2366
3963
12649
11881
13391
12660
14614
12173
8282
10409
159
7924
1469
12145
6256
8580
5752
1037
4213
9105
14729
10033
11359
757
9377
2331
1596
14241
6325
6631
4014
165
6322
3871
4119
9950
11284
7494
4054
12662
3391
10026
11601
10355
1627
10884
4634
4995
13171
1629
2446
2822
263
14276
1305
5755
1986
5751
13257
10203
3047
13800
7099
7475
5169
14053
7641
10564
12519
8799
7808
2518
9869
11436
12343
5996
7218
2505
13075
10880
9206
14525
12019
3287
6739
13525
6659
14265
9813
375
2832
9369
5901
5743
4773
5713
458
12786
14992
7119
1074
9554
6016
4430
10872
6490
7428
2834
5671
5263
9458
4855
3751
8129
2942
9318
5576
13877
13595
5073
4705
8043
8977
3543
3724
162
14997
8652
12324
4363
9345
11912
1456
9131
622
5143
13490
9128
12018
13422
1122
7846
14444
3504
3246
5815
10672
817
2119
11756
7253
6265
4652
1475
4202
8341
3112
3958
9663
10462
14719
6795
11817
6967
14565
9039
10764
3097
4222
11080
9330
13888
9331
2940
351
13229
1548
9014
2292
3005
9431
8488
2895
5472
4747
4715
14192
5605
4644
5017
3789
5760
14626
1863
14432
13632
9410
10195
1953
5593
11198
5479
9899
1848
12871
5106
7338
5981
621
4387
13359
13404
12814
13159
3500
13666
9632
2385
8251
6109
1968
7817
11444
660
13698
11352
8178
6214
13962
7391
12425
3950
2298
3686
8182
10804
4571
10663
12716
3510
351
10207
14931
9108
2009
2501
14838
11846
13218
614
8890
13591
5436
3108
8752
6403
10713
8355
4271
325
1404
11635
2876
10475
13664
9150
1382
1282
8048
12803
7568
5071
14936
492
13973
13620
1822
8113
10672
1239
2239
4003
10234
5344
8124
5531
14122
5324
4613
8872
6011
9780
14150
9683
4722
7539
10524
12659
10186
5618
5098
488
5086
8660
14812
7395
2522
13118
3211
13941
6326
7721
10674
7042
2873
564
12283
4843
12811
4402
2486
4353
6081
9591
567
4164
8973
9356
1521
976
6683
2725
12041
8102
6273
1586
11513
7289
13945
4033
1854
7874
9618
3891
6656
12435
4351
2984
9126
9601
536
14331
7664
8671
12646
12951
11282
5465
3237
2219
1295
1861
10599
6980
5172
3367
8254
10505
6238
5587
7488
11466
806
871
698
12176
2951
2063
14694
1686
11745
7692
14112
5288
7287
6020
396
9799
5838
1464
666
12019
8404
8895
14052
207
2448
11056
13116
14394
4536
1530
12141
760
7956
8864
5527
11477
3146
1723
12628
1233
9539
8383
10753
451
5453
10022
2259
8437
6771
4484
7046
5643
9664
1698
62
9662
1997
394
4362
7973
14684
12262
14273
2539
12977
9904
6920
313
6837
7518
898
5411
1718
14804
8427
3515
9018
6106
7871
13717
8546
1090
13482
7415
9357
4634
559
1354
11399
13726
4367
7953
12673
7281
12351
6023
7300
4538
8820
5793
13701
5613
2273
2106
5016
5772
3540
11254
8096
1861
7210
14240
230
5473
12157
3008
338
931
8979
14832
6117
4337
3975
10269
12693
14454
10826
4826
10356
10083
5830
7699
2030
14565
10603
12258
26
6164
11027
5017
14617
12950
3322
160
8530
11607
3218
12977
4998
2044
12832
6487
5901
73
12216
601
14643
5487
10240
1941
11143
3082
8690
8844
7081
4161
9317
6787
12662
14819
10879
13679
11060
12896
11093
10483
7292
13936
6085
11955
1780
7485
5903
7501
10391
4288
8577
10350
8091
12539
10078
11354
1986
8459
6842
5132
5681
3222
918
287
6969
11034
7971
7359
5887
7533
10539
2803
3244
3256
11846
6517
13792
7616
14440
10774
13576
10779
5859
7794
6890
3819
1543
10130
12566
4523
12868
12313
1986
14804
6209
10874
10341
6714
11492
9352
10510
9263
3480
220
4603
6579
8762
5118
3903
4603
13969
2036
1099
12438
7885
5572
9314
9387
3493
12180
8928
4664
3080
3793
10478
7669
11289
12752
9151
4405
7275
708
8431
11356
4680
4355
12700
5327
9269
12122
1467
4989
12743
8568
1883
8380
2804
8817
1616
12820
11482
4329
4554
893
3634
4248
8678
7841
3866
2624
7269
8283
128
13443
3612
11215
3198
14664
2878
13443
3755
7545
14651
3656
874
13015
3032
11666
3461
1868
9327
7559
4548
4474
10478
2612
1438
9768
9424
1915
11858
10179
8613
3259
9547
5039
1022
9151
5962
7432
9287
14766
11288
8648
2106
13408
11983
9851
4976
1381
8844
3842
640
9637
10031
2526
9784
6339
8291
2401
11463
11800
6326
8372
14440
5266
6314
3872
10064
10133
3321
11541
2133
753
3007
9014
11102
14183
72
13689
5366
1192
6726
5512
9825
5044
13927
12069
7060
7548
7998
12151
7794
1687
14867
2304
1424
12789
9810
2695
652
6106
14586
3028
9294
4259
2937
1313
5085
13351
2603
2099
14984
7790
6425
5454
4076
8931
4268
4818
9421
11582
14941
1572
1007
9156
3452
10598
14992
12344
5237
11753
9863
13574
8734
10960
2210
10521
1462
755
11748
7407
9162
10712
165
7110
55
11185
8100
14049
11833
12139
12141
6213
10572
7797
2218
8975
960
11324
3878
5193
13839
6716
12131
2163
8257
2971
7496
8301
3048
2665
57
9338
6865
14671
1345
1778
8435
5012
9426
5023
12513
8017
11726
148
6370
7648
6582
14223
12634
11293
2626
9358
1262
367
5074
273
8187
352
3712
12280
10686
8458
11901
1918
10861
5541
776
9164
10487
324
3297
14677
12049
9976
3549
14072
8409
3301
14221
7805
8996
6317
2203
178
3394
5453
14737
3538
12806
12746
2089
10165
7347
7594
7708
1675
12943
8617
3252
11497
9577
12120
5964
10271
113
2379
4264
10348
2409
8363
5444
9525
854
11137
2145
2921
7218
14479
11010
9490
7095
1519
8295
2447
12794
6067
6208
7426
3438
13942
988
4275
4233
3476
3046
9889
4493
11790
4674
7536
12264
7232
8192
2141
12590
9896
9457
10820
6386
11130
4747
10905
14477
10959
1335
6391
8723
6817
14980
7204
8476
3591
3759
6860
9452
4862
14472
3395
14206
11448
2329
8103
6768
10276
10731
274
4736
9928
5408
1052
4979
11798
8235
3072
12056
3044
11193
6756
6125
2608
3814
13858
97
3557
5481
9432
4685
13009
4486
8477
6757
4724
1025
1898
11168
10522
6508
1006
8808
3336
5009
12483
11929
3760
5084
7502
1676
12859
970
1682
14621
8012
8355
3582
1715
11953
2875
5361
4166
5860
1870
4441
5693
14914
6338
13691
8742
6585
186
13266
11966
10994
13457
8201
6339
12985
9859
6386
8011
285
393
10287
4867
1681
6590
10816
11892
10414
10574
14049
13976
1584
14773
4323
3712
8996
8955
9199
9494
13045
8618
8442
4878
13875
5726
13438
11628
12228
6208
724
5242
1865
12018
8638
723
3603
11545
11142
13022
9100
1019
4144
14174
14573
294
7400
8300
10036
11844
5685
12048
2058
8821
2484
1578
5915
14943
6468
12885
12879
8781
1499
9347
7126
2975
3769
14923
6711
8590
496
10110
11729
13088
11326
8057
8267
5055
8725
11106
12634
1050
11876
13082
12838
11414
4287
4421
1906
9805
11721
5745
1155
4648
13172
14032
5551
3856
4244
2218
11240
7191
11941
10374
1446
1880
13771
5663
5830
13727
1765
774
10201
1274
7055
14535
2426
13763
8224
14194
11467
9894
13572
759
5753
13864
14284
4529
5279
13647
10193
4238
3846
14508
1025
7998
13123
12683
9895
9362
11777
1202
4420
8582
14788
83
9919
1540
1559
5833
11653
9866
7151
12730
6466
191
14915
4589
3131
14074
11065
13612
14825
8607
3176
5261
2323
9214
11045
2462
7817
12737
7351
12326
14494
6186
651
69
7043
6306
11840
12619
5641
3493
14104
6498
10243
10758
821
4178
3256
2439
11263
4504
2713
14361
13325
2554
7801
8856
12538
2771
2655
9838
10006
14377
1317
12103
6168
3285
10218
9545
5294
6055
5652
13863
8799
8569
9991
4283
1567
8881
8558
12083
878
10870
11840
7030
6039
5393
8555
14120
5634
2528
14108
13096
3527
10212
12690
2071
12742
2
7039
10554
4748
14440
14110
12559
2558
2402
5195
2866
3203
3175
13259
9534
2293
2841
3313
4608
7616
4027
3414
2541
7690
3980
3242
8428
2616
9248
4821
14968
710
6070
8965
3966
13432
11343
634
6039
9153
12110
6134
13857
13922
4509
968
11682
9779
6785
1188
9541
2739
5998
45
10726
9847
3062
5020
4526
11819
4978
3039
11317
5797
10559
12683
1505
4932
13794
12362
3773
13958
8547
4573
9298
9668
9519
6830
2305
6675
6155
13182
7498
4835
10537
6039
4660
6107
14831
12333
14277
13917
14828
917
1352
5371
9708
4823
14933
3766
2298
4620
1007
8586
14454
11696
7907
4597
3360
9664
2152
9521
4018
10112
12611
12887
5018
1146
747
11835
12768
6664
10385
10360
9369
6125
7537
7941
3849
9508
10427
13084
9198
1725
11742
12082
3832
813
2909
13430
3266
4012
14199
8104
13843
12553
14977
1185
11528
11366
2908
5107
4552
12062
8102
2993
7878
11962
13907
11560
12531
12027
14076
1180
1106
2662
4886
310
13558
1828
101
1850
13819
6741
1649
13752
10674
1283
14166
2704
4675
7317
65
11548
12180
12592
3577
65
1020
14700
4845
8193
740
13925
2932
13800
4253
8728
11602
1888
4231
6847
8180
2410
2865
12119
11493
10828
14673
6725
13154
5080
5795
7634
14613
2956
14870
2140
2448
13166
11695
7479
12553
3339
10600
10621
10828
6589
10740
4213
4898
2798
13717
12123
6542
8504
14534
13367
14428
10597
887
4929
13743
2438
7050
8049
10818
1651
9518
11396
6798
2459
7545
8241
5695
724
12829
3161
1099
12910
8131
8587
10833
6176
14931
2909
13511
4265
8396
8972
1800
14172
13719
7966
13752
2520
9700
5034
7423
2257
5773
12623
537
2358
7971
6061
1358
2268
5026
3849
12253
2210
4979
2663
2478
2559
10393
14242
4349
4389
11653
13672
9710
6480
4872
14979
5699
1975
1307
1018
1961
14679
11377
13824
5857
10622
12398
13263
5425
7167
13352
6477
12363
13352
7832
7150
14560
8534
8752
7332
8327
10780
7402
8775
2470
3832
7352
14943
7257
1460
293
978
1150
14517
1182
5751
875
14143
8942
11404
329
5372
3762
10443
11410
3022
5119
8825
3571
14027
11290
67
12824
1836
2361
8037
5488
10287
13865
2316
8662
3501
7207
5193
7936
5550
12416
8322
13757
11835
5195
13999
4447
181
3912
3989
2348
10453
5258
10920
3551
3878
6269
7228
6953
14478
3357
4700
9751
7563
4007
14391
4609
1937
6930
14264
5979
8306
1293
3940
8098
5583
11303
2627
4772
8400
14626
6797
10120
14518
9302
7951
4220
6219
6893
13902
8152
9716
8288
8148
12627
10605
11294
14320
14448
4576
6692
2523
3123
6655
5865
11562
12891
12817
6454
7958
2558
12814
1094
361
1223
8031
14699
10177
12914
6575
6714
7700
13253
6895
9022
2244
9246
7129
13059
6245
6466
13389
10513
11942
5441
2705
7559
7736
2407
9450
9066
8235
5019
10376
5035
8121
2565
9871
4462
14382
11561
5094
13122
5054
5273
7352
2876
1411
7095
9648
7951
3374
14981
8328
3514
2621
7090
11081
7978
13331
12537
7136
8570
8
12241
8660
14310
12498
2240
14797
10623
6051
10287
5810
3334
8639
8330
3129
10573
3866
9836
13756
13997
10490
11951
14138
5820
5998
4376
14753
6667
6348
11525
8184
4946
10801
8317
3919
730
6267
998
8794
7232
3337
538
9563
11171
9321
5523
1486
3665
14413
6109
5257
2930
6159
6447
7642
4578
579
10634
10643
2373
2247
12637
12509
14436
6341
14572
3281
9009
14837
9214
1161
7157
13833
1182
6651
12695
4175
5869
3530
4832
7577
8017
14426
8240
13943
11337
14817
10499
2223
10793
1787
12050
11240
789
1353
5270
9283
3320
9085
9340
6591
1398
3127
11135
327
14655
6793
2220
450
10095
2723
9891
12577
2368
8714
855
1040
3739
9240
1640
1001
10806
220
13824
12696
7890
1624
5475
10157
6875
12293
14753
8629
5292
7221
8401
8042
3744
12879
6640
11061
3248
8016
1801
4059
7949
7105
4015
6388
10899
7621
8527
11254
11776
8647
5400
1904
14918
719
11604
6698
11273
6219
1634
9658
4417
2753
2254
2702
10692
9329
2506
10516
11564
8627
5898
7912
5031
6974
5764
8021
10260
341
6054
14639
5351
5139
14197
1259
6759
13728
11374
13564
4733
10746
10482
1985
10663
8868
863
5493
7473
14236
8174
1531
11645
10284
8491
7772
7377
4498
5652
5305
11310
9970
8547
4027
12399
13426
1586
6977
11057
6591
13140
4033
11681
14096
6667
10112
8507
12771
14360
4309
13286
12935
12808
7024
4817
14921
793
8021
5058
4306
1748
6828
8964
3439
1592
9964
9794
283
4659
3413
8504
12987
9715
5316
10304
3734
13242
3045
5632
124
3997
6024
4618
13549
9
1924
13743
5959
2573
13838
8851
8168
12339
2711
5442
9001
12981
12114
14575
4451
8109
663
13014
11298
12663
2210
9607
4824
4163
10898
14751
7360
761
4096
9405
6652
5099
10347
7458
12460
2971
4975
487
224
240
275
7854
8210
8071
8203
13472
9945
12714
11073
13789
4835
7763
9777
9157
5531
9156
2972
9499
4893
14700
12208
481
12856
2514
13481
2244
681
3260
279
7186
14819
14006
4181
8339
8165
249
8882
4383
4903
13907
7266
8646
6660
5060
4414
3817
1750
8999
13727
2041
3530
5078
3707
464
14046
7263
9238
4155
14559
13655
5901
12946
1840
12249
13936
9438
5109
12582
13740
10916
12633
4669
2714
6052
13624
10501
3485
5164
8152
11032
5699
14279
8186
6681
10720
8646
9829
13373
1208
9628
3961
666
11063
5033
10586
11667
6397
3434
10130
12756
14592
1149
14095
6275
1959
3878
14518
11699
5583
3898
2780
600
8065
8028
5698
11504
9495
10204
1221
6346
11680
3628
6024
308
275
7235
10618
2709
10637
10522
270
598
12152
1763
9812
14715
3428
942
13801
9903
289
12987
12075
9510
11634
8356
9928
1119
8172
5633
10956
13068
14431
5504
10623
7335
3995
12388
4380
4894
10933
14582
13617
9301
12327
4542
14157
7200
10964
9370
12618
11000
9028
14518
11693
13592
9
2254
5560
7642
1248
12462
8757
9855
13812
2761
10704
13514
12093
8063
14960
13823
8998
11904
3403
9719
8551
2365
14535
11689
5704
7930
14091
490
2672
13215
8683
5028
11232
8190
476
7161
9128
2243
10024
8827
5902
13002
4485
9193
13528
1469
13352
7390
8389
8396
1069
6054
5148
7070
13366
6871
3916
8894
14909
9817
7518
6849
14875
8317
13325
14618
10070
4523
13544
1579
853
13772
5075
5187
9830
3403
4228
9397
11314
6009
8165
13399
2464
2376
11737
5479
14065
690
11541
3624
11666
10655
13018
7371
4400
12374
1226
800
9662
10994
13937
735
11946
9401
5759
14956
2736
4601
8478
2808
13249
11059
8300
6509
3896
5081
2253
9579
1658
14311
9742
8940
366
2465
13776
10343
4223
13077
14455
1922
8378
4686
2418
1749
5672
4562
14657
12448
6621
1294
10357
11439
113
11942
651
119
14072
10695
13244
9813
11916
10948
12106
3140
4272
5236
8342
4163
4244
3774
1610
2532
12078
1569
6983
1831
601
9311
7222
5532
737
6894
11
14009
9099
6341
12617
11326
10375
5096
9965
4871
1955
1117
11968
11859
12634
11405
10864
750
13163
6702
10143
1986
12277
10131
2841
14909
2894
14655
1418
7818
13027
14049
10445
206
14880
10446
14119
2269
8833
8078
4443
10415
710
9043
8681
2716
7342
7535
12254
2444
10735
4148
9343
11777
4999
2149
11578
298
10597
13798
4854
2105
2109
7731
3234
8789
10805
14686
5385
14409
2026
9332
9061
14376
9974
1445
1661
10240
1805
575
9731
9836
14388
3742
3131
12252
8847
2462
12909
9910
1124
3345
6443
4938
937
9615
7023
13798
2941
8479
12642
1658
11105
2483
8988
1169
1692
3820
9839
12260
10473
10303
12641
2693
13626
14845
4689
12500
10256
12208
7974
11303
8056
1484
6423
10256
7823
3050
5427
4137
9077
960
516
3394
4910
118
12350
9249
5323
931
7019
7569
11525
6765
9838
4986
9700
5438
2744
13260
11137
13779
2448
2868
14731
12492
13675
11867
13675
2021
6780
12221
1989
7547
1425
1731
8615
12295
5157
11297
10118
3907
13983
907
14719
1178
4748
7498
12629
6434
12852
4900
3280
11925
9850
14826
6261
11846
14110
4113
3819
13469
3749
4595
775
2497
11699
9206
10360
159
5828
9977
649
9201
4740
4200
10123
3188
3294
12808
12974
6983
13522
4236
10101
13882
11960
13812
3329
3548
4059
9079
7451
3552
11622
2538
10154
8168
1937
8372
13821
3024
6247
10855
9528
3338
13116
13384
10240
13422
1382
13694
4201
841
6444
7826
13381
12014
5730
12713
1668
13529
7488
10637
13035
2302
4174
14183
14614
7158
12712
3214
3290
6467
1073
11827
14746
2211
779
13670
11135
13330
9773
3498
245
9604
1509
8637
3699
2751
10115
12334
7013
3030
14110
8684
6736
13590
12313
3443
517
5162
11414
10647
6050
6169
6322
2886
10080
12948
10135
10864
3362
9786
5763
4431
4984
12966
12817
7842
12151
8462
708
7858
13855
7529
13611
2912
7323
260
13487
4092
9923
386
13441
8793
3619
9588
9346
10578
4235
9039
5067
2541
6895
5224
6360
4207
607
8060
2179
3623
4061
3862
4755
14410
11966
13414
1654
6778
12708
1901
2941
6543
9574
11881
9105
5902
14863
2920
12661
14146
3527
711
1021
9334
810
13003
6026
190
593
9477
8126
11411
5739
8946
5806
7845
9478
1615
2938
13306
10654
13220
5290
2547
2575
13015
840
5483
7525
11351
14637
11371
11892
8115
9808
10600
9305
13713
2696
8645
3831
12959
12430
11243
5470
7382
12383
10100
13223
9324
11917
610
11170
932
7509
14813
6531
2092
13762
13023
10194
2787
9457
673
14020
11591
6009
5680
9718
3534
14238
14266
1578
11063
1248
13729
12136
12800
11288
10715
13854
11043
6943
14710
12149
12645
10399
5033
3984
815
246
5784
12757
8918
13936
2862
3990
11076
6249
14998
949
4014
9654
8861
1914
5727
13282
2265
2181
1891
8524
10617
3218
3597
8919
9335
11219
4290
12815
8640
6997
6262
6901
10487
1829
8476
11848
8273
10621
4012
2432
8117
3918
8007
13377
3552
624
10993
7602
1139
2337
14032
4903
9318
575
13635
7871
13932
12231
1759
8971
1627
9513
12994
4693
3199
7824
2300
11867
12184
2505
14634
7271
2508
3331
11512
662
1430
10102
748
12981
7122
11632
5046
8801
10786
3843
6887
6796
5958
12929
12919
8915
9508
8864
13200
522
7096
3842
3816
11672
153
6042
2646
1593
10214
10999
14901
1120
5135
1458
4907
4671
5195
4622
4692
9956
4547
2384
9367
10233
3163
13179
3432
8435
2456
14994
6979
5111
12439
5719
4051
11608
8456
13158
6495
10752
5247
4585
979
8779
5354
9625
10979
12224
4041
4792
9660
5413
12700
1169
381
12367
11959
325
1988
7657
3993
5772
12944
4250
10307
8899
219
8094
8993
2095
10579
10484
1561
1080
10987
8452
3255
14459
13660
13338
14383
12364
9008
3325
1280
8782
678
2607
7676
6400
7069
11730
9388
8079
3044
13985
3587
9699
7966
705
2039
1454
7930
4213
9060
238
7064
5033
8953
3890
4390
14744
691
13203
10017
3915
13418
8628
5568
4346
5828
3406
11357
12495
6325
11865
8157
11468
10331
6514
10313
14472
14342
14146
9588
10674
4728
2744
5363
6352
5202
2161
8825
2239
2534
5315
8818
6936
14612
4857
4539
13436
9817
14570
9904
8181
11195
6344
7022
3444
10711
8596
13066
3104
1449
14598
346
240
6770
4742
5571
1666
14828
8741
1219
8235
3901
27
10470
5818
8853
8318
5375
9372
13341
5892
2298
8141
2148
6846
10895
10757
13225
8944
54
14695
11285
6327
9821
7076
8001
13400
8427
3753
14388
6904
9829
14801
8473
2645
6586
1021
9154
3174
5292
9892
11000
12323
8183
4266
8238
12055
6119
13740
1264
5126
4354
13377
2861
953
13555
4956
1317
4770
8249
12056
12397
10253
14706
13343
1077
3676
11525
10602
7120
7598
5115
5523
7265
4716
9487
13791
10379
5027
2424
10435
8459
619
9413
6631
4885
7104
9843
7541
12572
14985
9792
11274
7421
12936
4687
10653
10098
403
8305
9002
12791
10137
14650
5256
7284
12272
7343
2431
2871
13692
1380
11574
4463
14554
211
10351
6311
9889
8473
12793
1960
10981
12008
3269
12621
14276
1297
2074
13323
13625
2737
4906
4949
1980
3792
14456
2405
768
5722
6189
3140
12447
629
7523
7190
2863
2018
2764
4980
3843
2439
1391
11388
3205
11083
5315
11468
2016
8735
12849
12021
11093
8568
10042
4393
14002
4777
11191
10717
11337
8421
10271
4769
10937
10512
9221
7746
12825
623
2911
11370
10132
9264
11556
7648
5140
9890
8494
367
14055
6604
5658
10280
639
1789
4769
13096
11961
7112
1570
3245
10859
10038
9440
13734
6624
11007
7944
3233
9025
6022
14347
11796
12673
6709
134
11114
2530
14087
1543
14746
2084
10594
4091
14407
5481
8239
7817
13690
8290
4880
1721
7393
2485
2540
9112
8866
4142
5172
11737
14922
13171
7112
8867
2650
6199
3977
4662
9811
9411
12745
3902
11600
1776
9498
19
3475
5101
14860
4594
13404
7503
3139
14678
7879
5058
4006
134
4998
9316
5197
7538
691
5328
11265
13626
14098
9644
10939
11228
2152
2495
11082
1047
9123
8579
11136
3723
13564
11054
11586
117
9693
3211
3575
7079
380
8106
14368
1597
11333
9088
6727
5854
5562
11716
11192
7822
10236
7853
11935
9203
2788
11891
12268
3137
13695
4594
3715
12931
7277
12891
7298
10974
9444
11450
2778
9876
14950
11178
10560
5982
6565
1518
9912
9316
13756
4402
390
14585
9157
12644
5812
860
4430
11114
4101
2710
8540
6054
571
6425
9188
12184
1889
95
14860
14735
4838
9285
9829
10582
1842
3684
12326
2157
9663
9239
8853
13898
9947
3856
4076
3146
5955
12012
4555
10672
11091
756
151
6890
9470
4729
3844
5310
5568
68
14284
11957
3376
450
5991
2762
2297
5761
4390
10095
5290
5604
3213
10483
12110
9929
11131
2320
8859
7467
2659
12760
27
1360
13676
12430
2174
14911
9720
229
8805
2927
7398
9009
11959
6697
4327
5018
3922
12469
14444
1672
4873
2336
7759
5728
10196
10925
2358
14508
12678
9787
13751
2305
11460
13318
1550
2413
9844
13870
13418
7949
12275
6659
8605
10253
1726
9325
5354
2456
1473
14076
5965
7083
13539
3705
4655
13139
744
241
4864
14235
6563
13813
11467
13165
10094
852
5138
14964
5080
3858
13944
6171
6040
2292
10197
12540
5963
12052
5291
4099
12840
1123
7952
10548
5538
4677
12173
1800
5658
5784
6128
7851
5496
5385
10639
11572
13797
4880
4629
3595
8501
1059
13577
10794
10128
11296
2347
3716
3789
1399
7741
6578
8073
8768
4128
10198
14810
5093
7929
13160
1541
3028
9084
6377
393
10340
843
2075
4746
14742
4710
8331
5070
10074
10172
7307
718
4977
12892
1386
8910
5442
7673
12881
4806
125
14522
10162
12943
6026
1069
429
883
850
7440
1661
9643
9538
12534
11548
10558
13726
11179
8460
2257
3222
10646
2802
14478
7772
14413
2525
4763
273
12896
3259
14574
12320
1637
79
8377
383
9234
9698
6330
9822
5380
12432
6379
9231
3322
10304
5665
5910
7425
2645
13891
7139
3539
7408
865
12591
1511
4748
12974
2581
8656
13889
6536
14258
2642
10935
9830
217
6304
4606
13646
11011
14672
14507
13069
13738
4540
9011
10029
10874
5057
1530
799
8745
6470
7234
10695
1839
13615
4316
5385
2650
6130
2715
2424
7629
6097
1034
6859
11044
331
2748
4088
1806
9402
9998
499
1656
2430
9443
4455
2042
12113
4073
6697
329
1309
10419
14081
10933
9352
9861
1270
6663
11761
3024
12145
14968
1588
96
13272
11054
3186
7839
2302
1728
9507
4791
8589
8067
14738
2500
4538
7447
9962
4136
3601
1695
3247
10535
538
10285
11373
2430
8120
9418
10955
7861
6563
8755
1118
6690
2222
8667
8580
1877
3638
10799
954
7270
11196
12063
13224
7748
8555
4557
6882
14856
12948
11025
5408
13148
6613
12417
6457
14422
1687
14107
7610
1709
11263
763
13887
4727
6907
3636
9975
10754
6110
6954
1125
6247
1341
5258
2454
8849
3069
234
1222
6923
7592
4572
1414
9726
9348
9888
1953
10327
2347
3399
10728
11639
3973
109
9654
3691
4305
13738
10037
8938
342
1006
9486
2373
9531
7901
9152
8722
1979
9327
13542
14633
14506
9171
2082
7837
5902
7433
6141
8999
9316
4820
9147
5750
6568
14801
2715
8412
6285
8243
2282
2177
9646
8830
711
3341
12522
10998
9562
12835
7890
2948
153
4039
3832
9538
9246
9683
11714
3069
7643
6897
781
11140
11525
4228
3429
2853
2229
14395
6105
4668
609
11097
7207
13406
7192
3460
4223
6905
10586
4534
3698
14006
2862
2514
9059
11499
14134
11862
12128
14774
6048
4227
1870
10471
12634
11363
10791
5543
13639
5872
14513
12313
5563
6434
12908
13130
4015
3834
7092
13223
4871
2125
2879
11967
12899
14931
10415
3234
13272
2128
3432
5261
2459
1107
8958
6367
367
10595
4690
5254
8202
3519
2130
11803
3491
12895
14992
12745
5147
13275
2457
10640
7328
1606
14087
9877
3751
403
1159
14697
4939
11008
11473
4123
5387
4807
13223
6761
13114
8325
14483
10445
12726
1198
9661
11861
8816
7376
5473
1431
3846
10760
5442
5835
6135
9852
9904
2416
5924
5131
2557
7348
9457
3140
2876
10334
5672
4779
11887
8779
5153
14301
4439
211
2417
9717
1628
4863
14162
13568
5374
6687
3460
12671
10156
211
10568
1556
3078
6703
11928
14902
14058
13870
8204
14399
1067
9410
8931
1935
12301
1042
166
6706
4608
11848
11233
14549
4287
5918
13193
11803
10965
1790
5573
13412
4506
9110
13321
5750
5098
12
3249
569
2559
7266
10625
1446
426
14552
8043
6130
594
6847
1302
9348
12934
8546
8053
10166
10761
12606
4877
4352
347
9859
5829
8107
1202
5498
610
14730
13186
7049
699
11751
2805
4532
7161
12074
1544
8831
5845
4776
8159
6180
8132
8434
12071
9085
2117
1032
8022
17
11872
4187
11861
4325
10745
10901
13326
7772
2623
3911
4119
5099
830
7662
3718
14228
1109
9804
5546
10869
590
12776
8541
12736
976
3331
8365
12239
3035
13736
3365
8729
3532
12383
14265
14127
4453
10402
8407
2463
11776
909
4256
3662
6670
13843
13556
10882
5041
2442
4057
5680
10263
1358
12275
7470
5761
11028
3727
14133
8612
13569
12801
9040
11610
14862
2367
12134
3295
201
3445
13872
6779
1436
9543
5201
8565
1039
2822
11501
14816
8534
982
834
1468
13217
9759
10333
11313
880
4676
2953
12241
14452
12472
6715
5641
14597
3018
6055
4827
6119
214
13498
4023
7189
11721
13086
13946
14550
11014
10280
14021
9152
9886
2718
7181
4753
5275
14018
11193
5810
1968
12136
10921
2905
1155
5470
10084
9987
11635
4811
14740
12181
1532
93
6625
6434
14543
8817
12607
3861
11114
4485
4654
9379
11419
8657
12259
7780
3208
5405
9828
4277
5635
12266
11382
8961
10784
4612
5258
10510
2656
12877
2240
3314
8256
11326
14423
14341
3407
8278
3674
7327
5220
11282
4588
11962
8572
1829
12803
1505
7588
11786
1373
10929
4199
932
6431
236
5729
12942
8629
5848
9172
14599
10163
8533
14547
4690
10700
4144
10974
912
7143
5312
3792
3464
1761
3373
4272
1988
6453
4458
1609
6568
8755
10784
7477
12734
7154
3408
2896
13292
9007
8583
13796
12432
9509
7276
2930
3228
14901
6280
3445
5632
11229
1095
9224
1108
599
7493
9110
3623
12015
9865
11394
10206
7268
14339
13137
10874
14348
6093
4171
3321
5684
12235
11880
4678
4995
6686
12600
5915
13390
11996
5529
1950
11520
6157
12147
8957
6935
9010
2226
2576
6845
5972
4224
7034
11105
8496
2737
10642
3637
1605
3766
6002
9946
7890
11845
6202
543
3334
12550
5170
783
4419
4304
2366
525
2318
1583
10218
5231
3033
148
95
13968
14335
5174
3629
14867
2064
9691
14127
214
14569
238
5957
14301
1101
3341
11898
6225
10081
10696
7190
6127
12785
9888
3627
2208
995
4653
8765
4224
13520
11495
4517
14721
12195
14984
5819
9829
6606
10364
8603
870
1675
8831
23
2722
6076
2985
10822
11949
10951
3692
1698
8750
7319
5060
2423
10501
1089
14675
4130
4934
7058
6409
9398
11140
4149
5882
2241
8819
14576
12561
8836
10765
6493
9379
14998
13126
6929
2454
12601
2607
212
13186
8120
11224
1323
7104
6304
13338
2226
6573
9015
14814
6740
11425
2912
13385
632
10495
12892
3165
7849
10733
12662
5539
9865
8645
14639
10424
2604
7341
4535
5429
3174
5099
10755
13347
8922
10897
14974
1957
1152
6085
3228
3313
3278
1367
1925
6042
12097
2324
11043
1832
5307
6822
6361
5517
2532
5975
7943
2724
2461
2480
14181
13806
7073
13930
9902
2381
3258
1046
14043
14838
2546
11757
13271
4513
6217
3455
1411
12568
10423
11584
159
11748
9473
6873
8772
7966
11548
2879
11213
14925
13302
2972
3941
89
3204
3740
6987
13345
10264
1142
10095
1510
14395
9858
3875
1668
31
9371
12600
2802
9191
6685
9174
4436
1316
8285
11567
3682
12078
5501
5478
4085
14764
10386
11601
14013
4609
7333
4280
8756
9731
8019
10921
8622
1852
5662
2413
7865
14961
9543
10165
2195
9420
5185
10487
11955
3155
7419
3259
8501
12089
3313
5912
4908
14323
4205
6099
5062
2724
13480
4511
8002
5180
2648
11606
7313
12936
8591
7104
14941
13156
9906
8084
8639
4605
2669
1360
13736
3857
498
5300
12743
1533
8821
14326
3373
13432
186
12375
11798
2341
13737
6011
13871
12315
5565
9471
3309
9971
86
4439
4934
433
13189
6840
9262
8892
13355
1160
1370
3024
11732
12759
5156
3494
9013
5019
963
8689
866
92
10659
1412
4076
7274
12786
7712
8063
8876
10073
11084
10802
852
12020
12921
10844
9301
214
3280
14969
11123
6996
11110
222
11726
12914
12532
14126
3679
9721
5065
5689
7376
1202
4171
1583
1584
6286
2425
6083
14945
6119
3331
4599
7757
10651
3408
1745
12922
14608
6717
6755
9963
9652
8997
4900
8518
9354
11870
2736
13780
11098
6419
14617
7959
7626
14565
6439
1115
12642
3061
14866
3962
3061
6772
2787
6174
7802
5302
13402
2933
4865
3400
11287
5642
9743
8040
8313
12397
2766
13184
10987
13737
8388
13993
10908
11522
4991
14360
3502
6925
10550
1497
857
12636
2363
14748
11521
2118
10481
1732
13546
8611
3616
13209
11657
8873
11064
7743
9858
2907
8327
8424
2217
4247
2010
2204
9715
5143
3940
7904
14155
11654
8414
639
4337
2751
6068
4647
346
11949
13312
6379
13337
10129
5839
11458
6573
11903
473
14367
14083
5185
7509
9703
4351
11450
6088
5590
4396
9352
11464
8391
9600
2233
9884
8818
2564
8256
6628
4864
2113
12601
5889
1250
8644
8013
1855
10014
13603
1733
5992
11715
9926
3547
6510
3040
4995
2058
233
7117
11874
13005
5663
11726
13050
11121
10345
721
9469
6874
8422
7262
11281
12693
9314
9797
6142
12291
1946
4975
3450
10439
13515
13302
11359
9457
8977
1525
3830
12934
262
872
2116
2296
177
5946
5609
1739
3779
11933
10894
6848
1617
5343
14957
10312
14765
11141
12522
14678
10560
1176
1480
878
12815
1243
3453
11360
9117
8687
8579
12227
7769
11989
4730
9044
794
9594
11110
9182
5155
12740
12772
5968
7235
8869
3717
9426
9416
5461
9824
7728
2078
6444
5757
7603
3096
13813
9014
3899
1849
414
169
7617
8701
13692
2963
9488
10797
1123
7752
4251
6789
5122
12995
10690
7281
13720
10578
9317
14430
6440
13880
7499
9330
3142
6870
52
13730
1971
2881
3574
10124
4766
14567
14807
12534
14779
7064
1466
4885
4546
1468
3652
707
4409
11244
2112
9714
2735
9769
11311
8444
8104
11224
3607
6923
3991
13786
14538
13200
2777
4973
5568
7041
8995
13418
1316
1823
10999
1397
12982
901
10176
10197
8093
434
4158
680
10685
5775
899
6399
2570
12702
7253
9950
6014
1367
1070
12431
8089
13207
3541
105
9297
6959
11282
12227
444
572
14644
7263
2344
13777
12080
2554
10617
12855
10716
1228
3209
6228
11517
1339
1768
9386
8984
6322
4621
548
9617
1660
11511
14163
2473
5156
12892
3167
8739
2813
2902
8406
13900
4077
617
2293
8326
11092
10998
13157
24
14751
7672
1765
7164
6126
12727
6606
5104
6744
2893
4118
1778
14658
9769
14512
2268
11234
13173
10077
9718
13315
8091
12203
2720
2125
11070
1688
8895
10849
854
764
12812
3147
7191
11449
14819
9898
2633
221
5577
13137
7464
6400
2854
7326
14356
5949
1154
5897
2730
12401
6904
13350
2617
2165
6330
9560
4175
11330
2731
6141
14814
6064
8851
160
4517
3031
12160
11770
6908
1855
14680
12371
14947
5220
5747
2490
6093
6115
3226
13073
9376
13358
8792
4956
4400
1716
13671
13328
1816
7827
164
13980
6063
11741
14072
9776
11100
2653
6624
8462
447
4690
8912
4518
14729
954
6949
12932
5865
5850
2125
2645
13125
2645
6995
13619
4856
11836
9068
1521
6132
11363
13587
13932
160
13577
3625
12382
9904
12363
9319
6442
11853
4501
10413
1110
9438
12440
1200
9843
9899
4794
4052
9472
12778
6616
4165
7873
4428
12396
825
2882
7211
6076
6690
2347
9177
9041
8270
744
11417
2912
12137
6138
14975
13010
9917
11739
6394
8119
9521
482
2932
10189
2255
10797
1020
2272
9585
2142
11245
8868
461
8213
10757
2825
1464
6157
8660
7588
2539
13691
14304
1167
11527
14311
3452
181
5692
2900
13971
13966
4508
14453
13666
1808
9086
4390
5429
12586
3543
9505
2610
12804
12472
12529
12862
12
7418
9280
10359
13752
2228
4212
6552
10995
7290
6211
3904
5591
14226
3879
8532
835
9042
3781
11775
12719
9939
5997
11654
9289
8015
12724
10959
10925
10197
4574
626
20
10865
13121
4607
11057
7708
14777
13531
9708
3041
1817
11668
6470
1508
1241
330
7177
8154
11998
1254
4888
12053
1666
2957
2857
9792
645
8658
5217
2664
14855
13985
530
11821
11497
10245
1009
6996
1614
11049
8847
343
4114
9296
10327
106
1657
5921
9355
6136
11160
5786
8793
2019
3838
13279
3619
8971
572
9913
13452
5271
6451
6598
11865
8274
6019
2895
4217
9692
12606
6299
3248
383
4214
7121
11896
4548
6562
10904
2808
14967
7873
10463
7817
5859
3313
5805
1430
349
3318
6990
14846
5975
686
8323
9280
1709
1783
1656
11178
5677
9100
10562
12197
6617
2565
8884
3380
6678
1101
10051
10786
11648
12657
9157
7181
12397
1281
3619
11024
1134
13750
9020
12010
3527
5644
7281
7563
10008
12680
4565
7476
11442
7272
14832
10704
1312
8838
5313
14415
6954
13010
3700
3964
10900
205
10488
14892
7324
2698
8168
10896
4678
7192
5107
13519
13474
9486
4835
13817
669
2858
10306
9065
5304
3865
1285
96
3521
12480
10937
3058
13908
11270
9724
12139
3186
8856
855
8588
3308
1131
8458
1975
6460
12720
11386
13188
11201
14369
12885
8923
7323
8256
2214
5145
9829
10089
10374
546
3669
13249
10263
2473
5542
3813
7644
9578
8096
10034
6944
13037
13572
2606
6700
13939
13859
13161
3257
7305
7735
9705
12274
11686
12938
13887
14047
11639
13086
2646
5625
2523
11393
6996
7604
10827
5592
14510
4719
2389
3416
8303
10301
9476
7343
14153
3757
1277
6767
12500
2098
3527
11707
14188
5332
13980
14503
3906
771
1281
8942
12920
4026
11045
5930
3254
14440
9189
14082
2419
4602
10947
9251
5448
8202
14202
8819
11359
1037
5208
7872
870
13925
430
8145
12174
7226
803
319
9639
5164
2053
10760
7821
4122
6104
6058
2140
12730
10851
457
7114
13443
3006
11372
12936
12940
9462
13013
11492
4946
12593
12962
8314
10236
2904
3414
12936
13289
11379
11903
9544
14496
8182
10030
11973
5193
2762
6289
816
13049
14077
4581
11280
8559
13142
2328
2000
2007
4067
2352
12938
8678
5298
14477
7062
2209
9021
7925
627
4263
604
1743
10347
10264
5784
644
13849
8173
1482
12142
8331
8613
7167
12681
8931
6364
248
5053
10737
6152
14017
10196
6555
14271
3304
10977
6175
1610
5986
4542
7532
6573
4224
636
9115
9815
11113
7266
10072
6315
2672
13441
9138
10548
3809
3385
2283
2877
8121
14621
8426
5221
11498
8257
6985
8869
12858
6264
7460
13246
3441
6967
2623
4643
9898
9963
2926
8751
9830
3824
14071
13531
6503
10861
14049
5399
11169
10937
6033
725
9569
13893
10920
12759
5699
13216
9955
4385
7908
296
3762
11413
14029
7540
2502
4125
8755
839
12634
10261
4741
10219
7505
7894
4598
5439
10806
11110
104
10871
2583
7418
910
5009
5952
2033
13369
1816
4574
6832
6102
7058
7582
2827
9082
13613
310
12636
4188
9529
9720
655
13208
9621
13734
8278
1586
5870
272
11255
6731
7322
9668
13728
5391
7960
3
354
11195
11943
2047
7285
10830
6467
1655
5432
7440
1504
3904
6410
2084
13421
9461
6361
7624
1214
10888
6168
11281
12942
7638
7615
7503
558
7102
14675
9777
1423
11478
11639
4728
10817
8913
4701
6909
12800
4389
3233
10288
3617
10169
5808
1465
8238
10836
4873
5025
4477
4273
2434
12207
13047
11618
10182
9740
6163
13228
10206
12564
11070
402
11394
2321
3289
4928
14069
9581
11699
12677
4702
14172
14023
14023
7220
4279
12166
14164
3529
9352
2089
10138
9728
8687
14715
4944
6872
612
10788
13
13023
10822
12861
10765
12164
7904
1302
886
14587
8049
947
4628
11319
9099
3098
14951
6999
10178
6703
8123
2233
8799
10718
8857
2987
4034
5228
8316
2415
9815
13187
5082
10152
1376
3863
14447
6412
11009
8473
3384
10886
1448
13496
3311
3768
7991
8841
4130
11309
10399
3468
32
11714
4806
440
4855
11070
6964
3361
3433
671
4343
5901
4754
6256
2913
13929
38
9453
2918
4062
14519
11570
2516
6530
8069
14180
1223
14969
1367
13956
11208
505
14096
13496
10779
7501
3259
10568
9286
5871
11225
11531
10073
4092
8952
3858
13777
7629
6863
13871
10539
6528
13949
14393
8245
942
5094
13762
7985
1575
13047
1900
13283
2723
11108
9464
2411
11614
8768
13452
6749
1924
1005
3068
5034
9977
7113
7546
5689
6138
10283
4877
10467
14257
1403
7461
1868
6378
6495
581
9548
5309
14955
12436
4244
9060
2507
13132
10426
4342
11175
3303
9816
1262
2160
1916
1785
9413
2398
7861
4977
9382
5361
853
12586
6798
5149
11115
4123
3112
11747
11778
13423
13029
8327
13963
2170
8845
5421
11931
10453
4251
1827
9446
7186
13976
8479
3903
14582
12300
10004
5979
11089
1327
14560
1602
2982
2275
14097
4919
4446
5826
1293
9619
8530
1374
5316
7886
2225
1654
10675
2964
13915
468
3493
14658
13709
3063
13261
1096
10736
5573
10193
5315
8085
3217
11068
12260
7745
11320
3143
5376
12375
6476
5747
6945
13970
7448
933
5146
14783
3
3181
12938
10575
6157
12587
789
2936
11351
12978
8613
14914
9988
8134
8043
2939
12730
9775
3089
5144
9874
2145
2802
9360
8169
9029
10110
14755
1852
13442
143
14784
11951
12116
14825
6684
10412
211
237
4941
12104
11207
6976
12586
8161
5279
8531
12290
614
2537
6741
14635
2098
1324
11652
11660
7657
268
8159
13838
584
13944
10217
7127
5131
3897
10921
8852
6428
5541
9881
11955
12632
13002
6050
115
8217
4376
1228
10538
9106
5157
14604
6058
2217
9361
48
9532
10253
14689
8535
8806
6464
14007
12584
6100
10211
14529
12626
7628
4012
6288
10392
11571
7051
8584
11763
8521
8686
12372
7752
6386
7445
10048
2897
12019
1887
14787
8164
7571
3309
5059
4508
14941
12251
3363
7646
11691
12204
1111
12113
2696
6097
11435
8934
457
4293
12936
3526
4311
13085
135
7973
13015
977
9687
5548
11827
2428
12313
5372
14505
10759
3906
9596
13350
11869
6119
1646
6747
5737
11768
8409
12770
14998
1978
3610
3821
725
10619
7606
7203
7146
4163
12107
2599
8636
13917
11371
13138
13939
5630
14452
10918
816
1793
3240
7697
4218
11572
7464
2892
3158
14325
14017
4880
3669
13487
12640
5448
10785
1066
4862
4452
6609
11018
4984
9030
2755
12165
7131
9317
14277
11497
6805
10543
11963
8
1648
12475
615
8539
1628
3135
13853
11594
6891
9228
3470
1206
6648
665
3534
11327
3942
12955
7669
6033
3157
7640
8109
14033
4013
6239
2622
2189
8384
7242
6637
8356
4012
711
6580
10214
1247
6924
13277
8982
9710
9325
12820
5654
6612
13570
7263
4783
5207
10720
6170
7439
4648
482
1936
4806
6296
4848
1559
3694
2975
12325
14142
12850
2481
489
5447
1148
12616
10956
5420
3775
9522
4112
14243
2081
13570
855
5913
10471
9713
6999
3554
7959
10604
6302
1384
2044
2545
5920
6973
4571
12142
14855
10365
12142
9384
925
4067
2049
219
13319
11354
6741
9727
6705
4056
7246
5295
9350
1726
202
9315
2248
2921
10045
5050
5152
979
3960
7222
7305
12766
5148
12459
13222
14388
3390
8163
5127
9393
7634
12818
12561
4451
5355
1496
7371
11861
14157
9768
225
13815
14475
14132
407
7257
10353
4729
10446
14408
194
11137
5296
13379
5485
2644
13713
13301
5040
5662
6720
14472
7249
4997
12739
14315
280
9771
11354
7642
7791
1990
3741
7042
9827
12485
14592
1474
12386
2986
13356
11734
5298
8240
7958
9367
11457
14791
14991
11669
9979
419
2895
1653
7661
1669
4755
4278
13053
3749
13172
10055
7823
10756
11999
9560
13153
1845
2873
10205
730
10506
13310
5923
8273
8496
5758
8025
13241
474
12278
42
9670
444
13715
9729
12733
7105
3302
2139
8336
7837
4408
5500
6883
11063
4020
7442
3346
898
14747
9889
9753
10560
9000
12098
5233
6278
9685
711
14159
9153
3281
11813
6831
8875
10265
9731
7505
1514
12294
818
10124
11617
7977
6992
2685
4608
6159
10737
11320
11211
1775
10251
5722
12513
7790
10171
14984
10664
4318
6565
5578
7352
3448
9531
14147
12290
14034
6394
5983
12133
2723
7250
1163
3044
3174
1615
14279
10967
2098
14368
9592
4606
6142
7310
9317
14790
3751
14311
5874
4900
7497
6586
8563
12434
14334
5510
10545
6853
5613
2402
5628
5946
13157
3495
13103
1544
8973
12678
12187
987
13164
5821
1177
11948
10718
5838
1569
11578
14621
3087
11478
10115
9069
7742
2431
9840
3949
11878
12189
3980
3229
2843
11437
14191
14405
144
6739
7986
3155
8269
6758
6211
60
23
7106
7178
9774
9649
6963
2617
8751
7739
9387
8099
14820
14671
3748
8588
6199
8065
9222
8384
6531
5662
373
7147
8683
9225
12499
9087
1925
13087
14945
4697
6261
2837
91
3645
4299
11393
6370
11269
2263
4363
190
10667
10418
11012
406
223
4088
14174
821
9698
1140
4988
9489
4774
3415
8071
12811
12803
10834
3048
1671
9212
6477
4395
12270
7092
7152
6526
4438
267
377
7402
1363
8984
6022
6029
14272
7390
12481
4456
7868
2408
9287
8214
13013
8568
4490
3091
3413
10863
14365
13683
5061
5421
436
7038
9102
10464
12763
1735
6282
13846
6186
8398
9084
1758
14484
10392
3079
14970
563
14839
13896
8011
7221
1890
5409
10155
3736
10903
12408
5944
1819
6194
11278
12971
14419
10342
6872
4909
4423
5362
1885
3507
4946
12876
5880
10635
8870
5492
7654
11727
14684
1560
3218
11379
3624
12667
4329
6566
12201
10271
11466
5497
5507
13779
11402
12394
3138
8451
3175
775
7012
3580
13415
9274
4465
10664
5726
1766
448
24
7052
6330
6913
5559
8219
13872
3465
9413
10862
11371
10834
8223
6110
12530
12501
14194
14252
14977
7998
9966
8299
9850
14141
12198
12045
886
9655
1176
8167
11844
8644
1048
9484
2073
1192
11206
7964
3878
10616
9840
14710
13324
14251
1959
904
3505
552
2126
14039
5724
12999
9729
8171
732
13021
5183
4090
471
10010
8472
10350
6638
3304
2792
8848
87
2919
14921
6828
5004
848
14717
14844
12324
3686
13604
1446
10830
11148
14196
706
13299
12440
4461
12801
6783
7808
7382
1632
985
2999
8588
14437
10446
4424
810
10255
4419
7545
9876
9458
13919
6356
7956
6856
7367
13549
7985
11679
303
13124
7382
12869
1768
12610
3054
6282
11387
5260
1733
9260
4374
12746
4339
1106
12044
10505
5238
12551
7380
6174
9713
10343
7736
7483
154
14959
3642
8925
6472
10814
5379
14797
2828
6637
11137
6280
3899
4990
5275
3346
13851
1689
18
935
4685
8896
8405
13018
343
7956
11807
9313
1524
6002
565
13221
4425
10639
8484
6693
1566
3219
13621
712
12120
3357
5578
187
8219
11879
6616
1342
9280
12953
14255
10730
3818
5535
2230
6306
13647
11464
9065
14897
3317
13672
14557
6658
1576
1821
7782
5810
11606
10228
8221
11929
1734
553
11796
7606
1846
10858
14995
3755
2179
5091
667
11597
14387
12869
3094
4549
10340
7836
11619
13959
11622
9845
11118
2389
13915
7867
6238
13874
12630
3562
13041
13207
13527
14027
4216
5753
5654
2191
4995
8859
13549
13396
11433
262
10451
14649
2876
7752
10556
13286
10933
14734
10413
13947
11076
6578
1591
10511
8134
9725
12598
3828
4092
12783
11634
8616
5297
2373
4027
4811
1822
12529
6795
4853
12625
9886
7682
14759
4849
4794
8242
11175
11811
3472
10635
3705
9615
6278
9435
14204
6015
8209
516
12000
10411
4524
4002
6516
375
13047
11095
9258
5199
2976
12746
12157
3286
8126
5655
112
12896
5558
13362
2408
10132
12276
4688
1989
5158
2282
7636
6570
293
6449
2475
6448
9602
6790
4442
13743
11286
3587
4062
8804
14359
12137
2149
14144
4843
11515
7802
5344
4425
5535
6152
14345
1205
998
10124
14001
12959
12644
11102
10047
7293
6346
11168
3409
9143
14085
6618
13289
1340
5001
5664
14030
410
13024
14312
5454
13382
11061
10265
7186
13419
13568
1953
8974
2862
221
9226
10478
472
13325
6344
3631
8631
880
6499
11131
10939
11769
11203
981
14067
13973
5539
5959
2109
10967
8287
4368
9953
81
13890
8380
13961
311
12686
2342
2775
1002
9627
12150
10534
3149
3820
10395
5394
13915
11428
9343
9399
5908
5959
12042
4671
457
310
7208
13945
10805
5673
11292
13790
934
7363
4402
7111
7105
10257
4598
9670
12061
2634
8837
11338
1823
976
5055
1875
2896
741
6456
61
13836
3050
1838
10268
5811
6167
3120
10398
11159
1776
1297
2635
2234
3061
6141
11437
4118
656
8553
10950
14723
11180
9374
12865
5865
8517
72
12233
6376
11883
13023
10798
7621
6993
6784
6929
14836
649
9915
6140
3769
11695
68
9556
795
10405
1736
11444
7190
5930
711
14744
7485
8729
12518
7393
830
11901
11802
9488
4031
9172
1528
4926
2301
13481
11261
2757
651
82
14698
3313
5788
7400
7031
6983
7738
9644
12073
994
2521
12329
2588
603
6515
961
13234
5998
12723
11467
4716
13769
1047
972
3371
11010
4783
2491
7933
14588
2092
4403
12020
10212
14438
10209
3297
309
13001
14939
13681
8738
4603
10790
8625
1439
7241
5192
10413
10018
10793
11974
2482
4728
9029
13412
832
919
6165
9084
10367
785
1216
13582
13642
1572
2339
13851
7253
9221
13939
669
14281
14442
2053
10056
8921
7757
413
11751
12684
1275
1317
8887
770
5046
12721
3489
14815
13234
4195
6674
5465
4828
11073
9131
10336
6199
3826
11045
14920
11325
5979
1962
4029
13717
2043
7972
2191
12679
5181
14376
2079
424
12708
898
11453
10792
4110
470
3986
9906
10141
1581
4543
3245
8590
1742
6403
1630
7424
11598
715
8011
10592
3044
13417
13591
6388
14058
12669
10172
772
7578
8888
7246
14401
8308
347
10177
11876
8094
4688
5024
280
1037
13767
5265
8603
838
11706
3416
14730
6321
12975
9023
5749
14812
10986
5607
6597
8956
9904
9028
1069
3541
14444
11310
2504
7182
4995
6867
2824
8194
4016
2836
8674
5606
1880
1762
14822
8487
10957
2379
10022
14696
11255
6936
8208
4276
14103
2931
11510
990
13469
1459
7306
2
10509
1919
13763
4357
9166
2155
1820
13349
13730
9647
11334
11881
2737
923
2899
7408
973
10973
2635
3367
10197
8140
1520
9179
6726
4109
13024
11888
7337
12909
13271
901
12042
11540
4904
5926
3291
3993
19
10961
8683
7208
9435
1880
11038
8250
351
4332
1545
9489
2779
7954
2468
11392
12644
1711
11240
9897
1642
11031
12837
11430
10429
14348
3416
10365
11724
13475
14831
8473
9418
9057
14194
6443
14790
10432
1510
3726
946
4223
14288
14540
4235
9769
5040
12457
212
4289
4981
4436
570
2445
10366
10554
14567
6094
1178
13920
7582
13716
8187
2280
9281
1710
9885
3497
13046
12030
11275
5994
12250
9865
3742
2812
1840
6735
480
1313
11401
9368
13952
3677
11004
2151
1466
4981
8827
11700
5262
8571
11641
9058
13176
10766
14779
9818
2352
14299
3234
13784
4327
1946
14446
6001
14149
14854
14036
7422
8869
14045
6344
1324
3582
7167
5548
10558
7413
8757
4135
4175
6749
11041
4314
14816
2646
3834
1205
157
9339
5151
6341
6543
1893
14210
10548
3723
794
1839
3384
11133
619
11470
8911
6948
14370
14828
2283
14256
14993
8145
9146
9891
4071
2156
3716
9584
3128
2903
7164
9314
12300
11302
12602
722
2204
4044
3310
10415
5184
131
11718
3744
11273
10101
13614
4372
8649
12582
8392
12454
1507
1996
8116
2667
10302
71
8486
11776
4678
10622
7000
3190
4093
6602
3207
10283
10677
9834
3525
5840
14804
7872
11868
6477
1315
5783
775
9192
1343
13844
8554
9576
2416
13564
9628
12086
13941
2274
9794
5750
8293
2207
5363
3632
8709
12036
737
6488
9503
4233
8193
8760
11233
11635
9901
14547
6144
6960
2734
7260
10483
8042
14645
5741
9112
3544
4140
14437
6617
11116
12835
5444
216
6277
7415
4728
5621
8033
10370
6092
1763
4140
143
14714
10123
4716
10858
6384
6939
11034
645
2839
3094
9597
6576
7927
13915
2660
94
12546
10686
4112
6691
3897
14762
3264
3847
8073
4916
12063
9874
14785
10369
12030
6516
9329
8202
4505
7623
9145
4925
9460
1414
2032
9869
2972
3134
5790
12895
13707
7540
7696
4700
5429
432
3101
2214
7377
1577
7227
3753
5440
13011
9196
12476
5178
3768
12309
5248
1085
6972
13447
4645
9121
13339
2096
6178
12729
13017
2804
6337
7691
4868
12265
14592
8491
9412
6971
14281
3434
9264
1132
1382
8158
6790
8661
3238
289
7004
11085
5439
6261
7409
8453
3398
11075
2434
2785
4618
5593
9481
11063
4848
4816
2043
9982
6430
4420
8293
6890
2878
3192
3443
10843
13238
5171
1664
5566
5973
5094
8475
1961
9559
9704
12774
8461
155
9653
12377
4946
1077
2041
5681
7350
5771
14635
8885
3138
3070
1475
12416
891
6409
540
13648
1999
1728
7548
2811
447
7985
12691
11411
7684
7464
4687
8572
1213
11051
3041
11577
6200
163
12200
2226
10144
3403
12404
6636
4343
2787
7210
2258
8067
3475
372
14468
12463
2493
105
14883
8380
14666
9158
3421
1224
8224
2660
5899
5877
6654
1497
5618
1100
9090
7165
9085
3801
13687
1833
8612
1549
1404
5276
6247
3503
3690
2672
5684
4310
8248
13394
9609
10174
2898
7073
2942
12733
10113
6110
3098
5508
7628
12014
11398
2911
5926
10956
10632
5945
2206
3149
11028
4438
439
9884
9421
664
5380
8401
13465
14629
3110
5360
13214
2978
6742
12850
1671
5485
12341
13444
11762
2788
13992
14724
6204
2173
6823
2495
13164
8810
1161
3513
5152
7302
11523
7682
388
14777
2695
7941
963
13421
5421
3325
6282
4810
3890
9450
12268
876
683
8509
11008
13868
3204
1682
8455
10510
2033
7752
8800
2970
7002
4037
10976
4125
9555
5043
6885
10503
14653
4936
6806
4810
608
1953
14795
2616
2536
7480
4345
2398
4028
6654
3802
14625
6874
11457
3859
7588
6483
5973
12729
3125
7471
8262
14520
11558
7991
10432
1479
4647
3075
13161
11197
7207
1121
9256
14016
10550
3996
12572
3898
1455
7481
4564
13310
12725
10850
10643
5485
14673
11792
14300
12778
8112
12870
5489
3460
6867
7460
1762
9910
2748
12912
11960
9857
6797
6936
7267
442
9125
3985
4790
2384
3902
1850
12978
492
13910
2051
10751
1998
13161
133
1896
4106
7558
2279
5025
11401
13241
4708
6589
6878
6606
2424
6071
4249
13569
7193
12526
13819
8181
14588
14305
4713
14369
12914
8179
14824
7285
8300
6079
4348
6526
1830
10636
10789
5866
8995
14411
5892
6018
4382
14490
1301
5675
731
2245
14199
4321
8285
11709
10430
3905
6713
6408
1398
14960
14736
17
3574
9822
13519
619
6969
4062
1578
7183
14366
13377
5395
2684
127
3562
14320
5086
10351
1678
8335
1083
10858
5070
14491
4363
6893
10601
13289
15
11931
7150
13278
5938
6014
11685
3143
7760
201
11234
2092
9748
6514
1173
5256
1196
10636
13112
2339
13195
12979
6168
5096
4380
8876
8571
10946
9361
2056
12869
11069
12338
13199
4459
9002
9791
2545
14426
11774
13562
6281
11340
2673
8058
12317
10327
2784
7241
13662
14947
8804
3751
4040
9068
10265
9909
7149
14428
4153
1715
13948
240
8179
9820
4587
2396
3897
7039
4231
7697
5135
10117
9261
4253
5271
7604
6795
14399
5877
10244
5757
1974
9307
8847
11072
12380
8990
14005
10551
3405
8472
10333
1643
4507
3506
2458
8592
4172
11135
689
13126
12486
7886
5652
5376
8298
14511
12023
12022
6314
3388
1162
3888
14869
11343
7261
1685
10363
12759
3430
5241
13456
9697
14785
5345
7704
7713
9394
9900
6446
10034
10874
7131
1055
13455
3787
2280
14216
3406
14837
3799
10776
7552
2676
1180
9068
2868
13384
10423
12159
12668
13607
9061
11736
11419
3013
13693
4589
1973
667
3673
9434
4592
4736
13337
7031
12041
475
3327
1787
7610
6544
14913
13372
14016
11670
2638
6357
12619
6346
8064
13132
10268
3029
519
6964
7597
335
13820
8956
6986
8810
14526
5696
9093
12662
6859
1743
14251
9678
6595
11710
8009
6075
5192
14255
5207
12966
7381
14666
10963
2668
9449
948
3476
4447
1919
10052
8331
6649
3142
2637
2943
733
5614
6048
10993
3888
3554
11172
11513
6619
312
4276
4683
9902
14490
349
3641
8512
3572
8881
9277
12272
1980
13532
1011
5871
7013
11928
963
8092
13039
8316
14711
13096
1628
1387
9465
2153
2350
979
14008
7579
2608
13282
10956
5030
5655
6247
770
1895
8554
4788
14426
10743
9886
10442
10534
8836
14162
8678
9367
1071
6080
5519
14330
1558
4614
4830
4862
7960
14638
2556
7139
10924
11732
4452
1067
8293
14541
9517
10340
12480
9808
461
13156
10398
3697
10148
5262
13705
5366
4345
2643
9291
10555
11757
8779
12682
1887
12510
9322
14958
3275
12204
5983
8220
11953
6803
9384
12242
4997
6527
8235
10238
14764
1658
13853
10798
5058
12147
11623
5476
9915
2879
13871
2274
9957
1386
7288
5085
1273
113
10524
1147
2295
13589
11052
1668
11326
7693
13611
13273
8613
14491
14479
1591
12372
8306
9994
4894
4930
10888
1695
2032
9335
4095
11384
6916
4306
4200
8935
13297
8054
2655
1169
10558
3934
129
10158
11587
13737
11177
14112
14055
12617
14040
10428
5542
6231
8175
13725
5067
6206
12208
7629
11082
5181
11073
2411
2785
6835
10325
8416
7681
8774
7235
2962
5659
7728
2486
12517
222
11464
3732
7694
12730
8472
3905
9478
14839
10363
2990
3423
3411
3343
4359
3132
2311
3530
2453
5160
9050
3515
2161
1641
3422
3960
7679
8572
7041
10613
12828
14439
6520
11126
14183
7942
12823
6322
6633
10189
13817
14783
9497
14983
9668
5530
2898
5540
9551
4634
7989
8228
10661
4237
9888
9088
8279
493
14447
13131
3420
9939
11893
4954
12189
7386
13715
12283
10804
1975
3617
10697
9034
13234
7028
2549
12044
6411
3344
886
894
8788
2655
6213
3418
8184
7637
2104
13067
11528
10967
7310
14338
7063
6921
6204
1077
990
12417
7909
6598
12900
4377
8721
1073
10668
6379
13443
2924
1396
2225
7256
640
4652
12644
11286
3737
2282
12797
6074
11819
8773
6112
7225
11351
14324
11064
12891
9294
4079
808
5307
451
4946
5627
5087
10074
7536
14287
10717
11583
1578
476
2101
1474
149
13991
11863
6857
8823
1873
2956
3283
8203
4513
10038
14211
10738
4481
13726
8254
7550
4362
7469
3630
2183
6367
1547
13838
122
1060
4434
1321
7491
652
6872
4840
11694
3556
14063
12913
12946
8597
156
4861
11825
5727
4045
2361
5214
12013
1518
1631
12102
6136
6719
7710
5173
4163
12073
11840
14026
153
14211
5891
9462
8774
11097
7422
11060
10794
13425
14207
2526
14476
3347
10589
2844
5766
4966
14596
2104
3858
11142
9761
2677
12395
14916
933
4202
4694
13910
10519
12415
14484
14149
3056
13275
5466
10607
12238
14628
7846
368
5763
13787
6595
169
8379
8679
8421
11741
9925
5163
4629
3874
3441
13353
11862
8160
7210
14980
713
5740
1304
5060
8879
3546
1093
10136
1195
14712
6715
12519
4466
6781
7550
702
5601
3332
14478
8802
3480
13467
6183
227
2720
9639
10155
5704
13330
10281
9025
9839
11940
1967
3035
9016
1949
14995
14235
1543
10914
733
8560
3814
13505
2722
8643
147
2743
9142
11316
10375
5622
7243
13898
9969
2590
12872
14242
8476
6482
14433
8913
1345
14879
945
2645
7814
6756
8281
13308
4745
8646
225
5439
7052
10879
6533
11213
7154
1650
427
6147
5990
1617
3519
7929
13665
12332
828
14493
4850
13834
1280
12964
8223
3102
7488
7472
866
11913
14409
14009
1814
11452
11152
7445
13663
6912
11410
4177
12750
6880
8987
7672
14687
14552
8700
7095
9558
7362
10078
8434
10096
836
3875
6143
8707
5584
4799
5367
9211
2813
6731
13491
6544
9766
11348
666
12142
1291
1346
4426
4220
14041
11058
5285
3252
1784
727
649
14006
7138
13173
1294
14974
9850
14558
10969
13958
11495
11098
13721
9129
8707
12269
537
3605
1172
2447
785
4203
4390
14807
1786
3329
10315
3700
11233
11196
6313
1914
1807
519
8418
729
1654
942
8175
3182
10740
12967
5281
6193
11764
9376
4045
14189
3568
13231
9180
5515
74
3098
5853
4684
7024
8379
8800
10068
3637
3376
5077
643
10935
13341
1559
9661
2249
1523
8601
3178
12043
7943
5907
7222
3129
1769
2464
11769
11355
9112
6821
14982
12587
7508
4076
10481
3577
9693
6482
14280
1957
7591
1548
5782
12972
8109
4278
4514
11093
12308
8584
1251
5864
4475
510
4808
10746
12209
9114
1045
6985
12277
8865
6448
6877
13535
11123
10858
11870
12515
4620
12858
5614
283
10227
4086
2274
3041
9815
6751
6357
12583
7783
7210
11652
12536
9918
6618
12487
10470
5696
6125
7284
7190
5226
7368
6844
6323
13134
3465
4643
5228
14170
6704
5465
9514
3708
9376
5811
11737
14796
9010
4797
10120
12456
8303
14081
23
3166
13110
5536
4545
13755
778
9144
6664
6636
3918
6515
2540
2455
11414
8040
1283
5859
2838
13908
7399
1561
12874
10558
1933
13377
8636
1642
8064
5509
9632
1826
10784
13819
7025
6452
4687
14357
6977
2147
6681
6491
12501
4331
14325
3967
10769
6892
12850
14353
2074
11957
8457
5429
2618
3347
14494
9675
11634
3564
8166
6980
2661
2225
14248
13060
127
3615
141
11066
10130
3184
4103
9988
2023
14514
10389
1266
10059
5759
14075
4018
14692
7174
12370
10083
5848
14026
258
1954
1846
5870
164
13847
8041
5712
7298
3230
4109
828
3798
8304
8096
13681
12922
2125
10797
6600
2274
729
362
10517
11980
10012
2061
8175
1831
7020
5891
3336
1579
11449
8253
5013
9390
3904
5582
6548
7276
5362
6443
13303
6775
3083
6402
648
13889
8935
6002
7942
4122
5380
636
9825
7870
1443
8003
1751
13847
6267
5250
14952
10375
243
13854
7619
10953
8070
6254
6088
6771
831
936
14334
8214
10284
4966
13962
9489
296
8289
8484
5327
12123
11327
8482
2732
13139
238
2022
7921
7138
2715
13729
9117
11947
9494
11186
13011
14903
10506
6877
5001
14274
1329
4821
3650
5841
1964
8854
3180
7790
7992
335
11675
4704
7289
10203
10895
12091
6161
5931
3668
7665
12101
6169
7773
12330
11093
13120
3976
3128
12144
1513
6447
2460
11916
13012
5835
6646
11896
10545
7170
14612
10091
3672
14842
13625
14908
14575
1760
11205
457
12467
8434
10633
62
5784
592
10510
2294
10093
1934
8650
13592
171
11967
12539
5735
8929
6899
6130
14033
14507
11318
2770
10420
7913
2214
14094
7204
2965
7063
11362
13872
1930
9822
9696
10052
5234
11075
502
38
5265
11173
10896
2177
1417
3519
6783
2048
1757
7026
7443
2254
9362
63
8259
11444
13337
9579
1394
3539
422
12108
5755
12476
8932
5510
14865
1265
6988
9961
12039
2797
4010
10980
10518
13203
4914
12766
9405
8714
9577
12222
10016
5776
14484
9107
7188
2939
3387
13685
13333
3711
13830
10289
4858
9015
5851
4752
6198
996
8477
14635
12578
14095
7971
13308
7299
2244
8372
7358
745
10143
10777
10847
1489
14460
12042
12023
1652
4116
4240
432
9255
10717
14659
2935
4520
1520
5077
858
12790
7458
763
9668
9982
3610
14440
11837
2604
6090
13557
3798
4016
5186
4135
1520
722
12247
13318
12436
9295
11473
12826
9735
12933
9731
7524
7391
3855
9019
11653
11253
11336
7796
13110
11074
498
14927
1316
9430
14323
4680
2543
3039
1709
11965
6013
1621
13940
14279
4459
4822
10406
14978
4826
4167
153
9390
6538
11415
721
14545
1125
8466
9980
13892
6917
351
13257
56
12422
8342
4078
4404
5734
1263
5436
8531
7626
4402
3263
333
11929
2669
9525
10384
11991
4317
7999
5647
13363
13054
1132
5671
6831
7844
5859
4202
9691
9522
4705
2287
5663
5228
6021
3382
5539
1561
13610
5041
2600
390
11585
3757
9275
7998
7343
10350
5388
12451
2420
11587
331
7236
11298
8689
12887
12570
10175
8434
6999
12734
2189
12716
13767
1609
14671
6648
6407
14032
9862
7177
5018
6411
11211
3089
13525
1441
345
6281
11142
11553
11087
6159
2094
8383
1675
2615
14786
3535
8771
4627
14459
13857
1614
11917
8854
911
759
8829
511
8550
4754
13378
5985
8076
660
4626
202
7252
13396
2981
7575
2177
5995
3398
13696
6968
11917
14123
5677
11071
14368
6293
8634
14811
7015
6163
3200
14662
12034
4451
2496
3706
10005
608
1574
13479
11098
8569
2091
14879
7847
10893
8432
13757
7189
2448
10360
14802
1445
8614
12097
12032
3825
12011
6569
2544
8655
10632
2395
4797
3809
12966
11711
2017
3309
2525
4278
3529
8254
10243
12019
13598
4386
4340
7968
4722
14871
4368
504
6560
438
907
6740
11905
14769
14167
5633
8088
10410
795
2541
7807
10449
6934
2144
2717
5239
3482
4029
11735
9410
12583
3527
9574
10480
5997
14010
13350
882
3389
10950
5968
7849
14769
7483
9035
8663
3305
8367
11160
1964
3978
12940
5491
3424
1694
3008
12638
6698
7220
10013
93
4482
9648
3241
5170
13979
10482
7353
8333
10311
10890
8076
6830
12094
14791
12112
2586
11828
12975
9394
10882
9880
12737
2840
5728
12078
1365
12048
4149
4396
4104
12055
4486
1756
11809
8907
4266
14003
12879
4121
7887
12959
8828
2502
6894
2390
14843
8834
3022
5666
13441
6508
13410
3486
7016
8247
4825
13250
12281
9024
10815
1391
9868
8207
5242
10887
6084
10016
13895
2060
4098
14058
11688
7646
9479
12487
3428
9141
9305
4295
7277
7081
9467
602
9330
44
1805
11387
13559
8616
10462
9668
11433
14324
10610
11496
1324
10097
4966
6315
5585
6384
11147
9966
12259
1410
10564
12218
4754
12724
3640
11057
8671
14033
5600
14292
14307
1614
1288
8008
4323
13167
11976
12064
11775
4348
7069
1060
10564
11970
9935
9914
6601
5625
6970
7116
9685
1971
9461
12862
7152
11270
8613
9803
8810
8116
10546
3097
12747
9795
1631
1373
10119
12302
3707
2147
7933
13809
4671
2424
5346
8043
3457
6576
4558
9345
5657
12931
12554
3275
1798
2633
2301
5076
7984
11051
9705
12217
2693
3422
6883
7167
11705
7752
12913
524
8830
10735
14627
14401
7390
11246
4806
4707
5667
12887
10100
7861
13615
6182
2707
10640
6482
8265
5028
10901
13900
3849
10109
11186
2411
11750
9401
1177
8752
1371
14665
7806
1754
5105
7342
6475
146
12135
7018
5598
3660
12155
3884
8024
9678
11442
9843
5869
9643
8208
4368
9711
1697
2142
4369
5245
105
6582
6494
5152
1988
792
5927
13977
6005
9857
9062
7582
4954
11392
9976
12131
5877
6643
703
159
8969
5818
13534
10552
12252
10408
9922
1130
114
421
495
10522
14165
5631
5750
8593
6620
12053
4434
8479
7923
14089
13031
9002
12495
2091
9809
3752
11863
6299
3789
7291
6122
9541
14270
1579
5759
9570
12415
8582
14092
4753
14387
8265
4245
3075
14115
2332
13092
2357
14383
7674
5081
13390
10574
9622
10149
14413
6913
4451
11647
9188
2253
7778
4087
14294
13199
6299
2357
2600
7321
12135
7107
10374
10526
4772
11735
9758
9689
1102
9447
4564
6634
13002
12381
7198
4105
1976
7670
210
6120
12648
11381
11227
7711
5284
14112
1753
9084
11607
12736
12637
8084
3744
8781
9675
219
5932
513
1634
8181
7859
1165
12253
14181
14850
593
5930
8280
4219
7105
9581
4334
1921
3656
2153
8161
4392
4486
9456
4481
10912
4876
9926
186
14362
4329
12630
11723
5201
9001
4387
8673
7744
2810
14697
13036
8225
8446
1758
11384
12447
5817
6686
4024
6870
13136
13919
5634
9494
451
7770
13132
9134
1261
12149
12509
5236
7876
13088
7533
9832
7970
8064
815
8795
1216
10108
671
426
6750
4514
12619
8065
5986
5337
14171
3952
14111
14034
9211
4750
1540
14119
6643
14193
11608
12076
13199
10168
14490
1151
13457
9182
7829
6531
4545
3244
3195
5154
11266
7405
3777
14479
12758
7732
12222
11048
264
1086
12537
10842
14117
13244
12775
13437
12367
14697
6326
4205
12813
1086
14672
7768
6760
338
14366
5583
13962
5977
7540
7330
12133
3013
383
5769
9341
10237
14763
5178
9029
14465
2638
11461
14412
401
3767
347
10523
5522
2344
5119
3325
1765
13023
428
6970
2224
10801
419
13252
4049
9257
5843
3276
6925
89
14252
6646
10905
7615
13217
11754
11920
12595
7611
2575
12474
5789
266
8047
7302
14157
8678
12598
9956
11680
7875
4808
5627
7401
9518
14516
7476
3096
5347
5014
9105
1078
10242
11972
14276
5863
14300
1398
2117
7970
7677
13633
4826
758
9136
5734
2886
14076
10911
3825
12630
7865
11812
10678
10814
5122
1486
3088
144
11599
8660
13223
10653
6867
3423
5342
4840
5692
9855
10165
2955
13739
6252
9423
168
14658
11591
3470
2272
2724
7868
12262
10496
13542
9044
11198
1063
4514
3764
7495
1525
9692
3688
7215
316
241
9787
13277
14171
7226
12535
13589
6818
9540
1743
5040
4867
3282
4523
1929
9514
3228
14109
13222
3870
9147
11478
14897
7855
14176
6602
7811
7212
2906
267
3886
11894
5384
3112
4592
12939
10480
2947
10486
10891
13522
510
12707
6541
8296
12320
8301
13527
9363
9156
11547
998
7592
1112
10014
683
8021
251
464
3387
5778
4340
9447
10509
11933
7542
13896
3909
553
1231
5829
1562
8945
7254
6081
10625
7920
11621
8483
11795
4151
8171
10913
1325
14222
11979
1915
9808
14430
10119
6015
8270
9316
2100
1601
5693
4466
4257
11708
7932
13160
7747
14017
5315
3026
3341
13729
6420
13407
8093
3717
5273
12881
3417
1919
800
9710
11621
5804
4110
4212
633
5598
12576
11395
9176
5115
6926
3065
6017
8576
4630
13064
5488
8250
7761
12646
3607
4405
9827
11942
8723
5984
7962
8882
12126
891
5761
13937
10454
8175
9182
6760
9332
4949
12828
6211
677
6087
3309
5630
10412
12209
1021
10128
13833
2588
11923
8619
7463
9726
5133
305
204
1962
8618
5949
9734
11582
7471
2361
8783
3947
12336
5537
13282
10695
2262
1204
4969
4605
4778
14449
5490
10454
2125
3686
3565
10991
6425
7321
3537
3597
1612
1348
4638
1620
8953
4939
3172
9418
4332
14248
8124
13711
3270
5820
10293
5119
6942
4396
7791
151
10171
9088
2247
2688
2270
943
8748
5890
10696
1314
6256
10908
6997
11716
8174
3087
6678
3784
8579
14038
5224
9799
4276
1311
9399
14937
6987
8707
1245
14664
4695
878
12726
13067
8209
11638
14219
2755
8877
14181
89
12796
14205
14750
2480
7797
12374
4032
511
7603
3672
2164
3703
7730
2375
10924
10046
5252
9858
1117
3544
6543
10164
1099
12887
11406
527
10867
11337
1620
9295
12294
7534
6929
431
2909
6454
6544
10384
14269
24
10427
6287
11926
3265
12688
1911
6858
14338
10982
1820
6748
9485
8367
14603
5350
11781
10591
12024
14084
8926
10262
13703
7337
1931
8047
10391
11092
4376
487
5369
341
6984
7012
8993
2992
14462
11306
5556
9652
13491
9120
6272
12388
1318
11788
4404
3853
3308
1695
7203
1889
6740
11458
11298
7299
4906
8859
14161
4054
13614
8023
6876
1787
10657
9905
768
6278
13505
7608
3842
1190
343
10603
14425
8102
3963
11914
14823
10951
14182
8170
11648
8114
2530
10790
530
3230
1119
3486
12628
8425
11347
14718
10459
7116
5482
7027
6091
8155
11772
3000
5941
7128
14259
53
11915
12012
273
4697
13249
14422
3947
8613
1394
8123
9067
5167
1130
3225
2835
8475
14289
13927
11040
1302
2458
8747
13174
6382
7983
11957
5503
14203
5356
12792
11477
14000
10952
3286
10786
11364
6197
4181
9353
5613
13872
13528
12090
11522
5056
1577
8975
3546
8816
2227
9679
7603
8460
7174
3563
4862
9286
10323
10893
3541
8115
10992
9347
14974
1361
10876
847
10041
8939
9138
14112
11329
9293
694
7301
7212
239
5609
6135
2184
8454
14997
9994
5489
14270
10472
1678
14199
3833
14852
3052
803
13132
14641
2063
9901
5274
3649
14468
8534
10228
7934
12557
12341
6307
4715
5061
1948
2773
3144
918
1442
1651
157
205
8214
4147
8956
7210
12411
10441
2066
2607
1056
11878
840
4769
3071
14828
11686
11070
1587
9222
4709
6438
4462
3568
9059
7727
13712
13734
8131
7871
12536
6351
6831
634
9642
2895
3354
8408
3686
13569
1198
13885
4982
11159
10688
4573
9766
5339
3552
6626
611
12043
10560
616
12694
6943
5169
676
281
10380
4141
5099
2462
11404
14385
14144
2178
4354
8557
7401
12474
13614
13767
10795
1978
8334
2818
7279
3994
11474
624
7260
12520
1426
4989
1430
3395
5794
2768
14090
13372
4683
10601
10472
11877
13574
4770
11203
2755
10563
5466
8193
2784
9809
7703
12863
5777
11516
10401
13729
9165
1626
14672
14551
7344
11928
7152
12142
9819
4014
6018
7092
10223
8953
5971
3694
783
14013
7042
9710
2060
8194
5230
6969
10791
8653
3698
4453
6905
3095
14586
5934
6942
8027
8876
11412
13113
5946
6681
4699
13044
9675
6272
11737
11439
1096
5471
8078
1396
5344
9386
12106
2276
12498
7478
10954
4025
8118
11118
9611
13121
6411
9132
5102
14976
960
6596
6078
475
4874
2905
1269
6686
788
14836
2073
12150
10591
6689
1776
11589
2735
12782
12299
8069
12631
10936
2818
13847
1495
7511
10501
4455
7597
11505
11752
3689
1892
5885
9845
12745
12369
6809
3984
229
12837
9984
12118
6753
3645
7876
3299
6827
9228
6282
4399
4744
3547
9861
1337
3636
2022
11301
6055
3001
10551
10605
9021
6065
6152
413
11103
10697
12349
10521
12586
7917
7023
12163
9898
14638
9063
5983
8783
3595
5999
8530
8568
10044
1577
6973
13489
7031
10753
3087
562
6418
12548
5474
867
2842
7736
8819
14470
13677
4553
11359
6617
9497
1161
7147
2586
9111
1945
13273
7090
8626
8637
14886
10915
9543
6097
3093
3745
5106
4775
11482
5187
6192
12058
12045
5246
10242
5928
8195
1216
27
10260
11099
7395
9214
2171
10972
4103
12705
5804
3218
6748
5037
5657
863
8681
5205
6701
14637
9787
2676
5500
731
6719
960
832
5412
7596
10395
2178
14229
10728
14256
8334
6171
3601
5263
3987
3297
12481
13386
8440
4068
9805
13373
313
5262
8172
242
1946
3745
5849
12166
13659
12458
11068
6411
12318
12368
12576
3827
4328
13182
981
12643
10483
10833
9356
2131
8414
4774
11446
10460
10321
3542
5639
13207
534
9583
12451
4906
7648
5326
12998
11627
13433
12312
5349
3899
13885
7694
4652
5584
11960
1411
2746
14692
12312
7632
6377
9221
11864
12904
3639
12117
13985
14777
4488
3715
5343
7605
12264
12638
14521
5394
631
5302
11516
12618
2417
13345
7595
11610
6523
6548
9526
4019
11453
7026
12241
4425
14562
14669
13642
1438
12123
10048
10964
1631
7245
1620
8506
11692
1763
2625
1256
14083
5334
9695
14365
1698
1760
5318
9849
4154
8690
10727
14760
11524
11033
4136
9392
1039
249
9070
6517
9544
1238
2985
1964
4777
7271
10884
13663
9289
7823
2698
99
3063
590
1320
12226
4666
10547
14219
7295
1177
12274
4513
4349
10178
9873
7912
2048
14263
4721
1238
13368
6475
7143
9068
8268
11206
10751
10653
10759
665
8349
13659
2009
7226
10620
3990
4512
8657
14674
1074
5652
3635
2567
81
7180
13016
6057
12164
11906
8829
3155
12515
14298
8176
4067
3516
11814
14586
12670
7172
1242
3664
5033
3474
2485
12132
5491
11920
9243
3117
9969
4766
13049
1675
6244
8528
7142
5966
5651
14139
14842
423
8341
7595
9821
4854
14717
5628
6897
1255
13207
11316
10918
8363
4170
10171
12845
13428
7691
11429
5208
6352
7928
532
2153
11119
11601
6684
6208
11450
4342
14688
639
3696
12085
13053
9985
8731
151
12858
11556
12963
14693
13213
14339
11438
8820
12806
11303
2077
10404
1207
8593
9904
11613
14668
11335
9288
7925
11829
2065
4821
12586
10840
11001
9187
4150
5576
5923
7230
9641
13294
14639
12598
2637
7944
8606
9547
2128
14294
5846
13335
421
6193
10148
9125
7007
10131
8759
10449
10124
13267
13329
10100
6816
12493
652
11590
12511
9208
8224
7750
14535
1663
8849
11129
11894
1103
6001
6960
12934
6841
6912
6076
10035
6313
12183
3462
7252
599
497
4315
7083
4104
8365
5795
6450
4282
410
9175
5697
14152
10966
4701
3092
7273
9113
4825
12327
11727
3338
6735
11202
654
14158
7719
3590
13468
7980
10168
1867
6356
8803
2752
2507
3456
7158
5959
1968
12848
8713
1429
501
9138
9804
3076
9679
1438
7343
2813
5072
13330
11014
4368
13428
12485
1624
9053
3409
9679
6917
12272
12967
13656
12658
3657
11315
14875
4082
384
5140
2533
1061
10980
14531
13507
7539
8445
3184
5938
8408
329
7824
1824
606
4942
1055
8819
4742
12789
8625
8959
7482
13189
2349
10418
7987
8926
14943
7851
2316
98
8486
2347
1134
13323
8264
11052
6043
6617
2070
4144
13436
527
3030
1544
3990
3213
12975
14811
14396
3872
1559
2624
12348
11010
6979
8582
11927
6417
11656
10051
1915
10116
2849
10480
2481
7175
10040
3572
1080
3364
13593
14070
11146
1471
13273
6824
7363
13132
577
7419
6886
3999
2409
13751
12221
4437
2123
13283
5935
3770
8537
470
11358
11611
5947
4630
13305
348
1513
7109
8056
2927
607
5432
14220
12200
921
13896
4084
733
5054
6102
7755
7370
12441
8318
9100
2504
7878
12317
11067
9801
14429
13248
13157
11803
4108
7555
6331
14012
1041
5157
8387
3835
6172
2337
534
8038
9071
6574
5579
12371
9076
4064
6540
240
10956
5881
5494
11836
8866
10126
6219
11413
14497
12826
10709
513
8568
3053
14071
4714
8880
7714
1790
13546
13457
9936
13533
12693
1716
2687
3317
2239
5734
12543
13601
11270
6159
127
9926
6810
11336
3447
10350
10365
9385
3462
2862
368
5892
8923
65
8898
14911
5078
3302
4413
4806
1227
10598
14169
731
14756
8431
12507
5948
163
11887
4702
13932
14491
1102
4954
14376
10586
390
12385
11049
5549
6476
6853
4313
7231
14146
12008
13107
5186
4354
5820
2969
6518
1076
13371
14311
5540
1060
4097
1281
7160
5367
4383
2343
6175
13365
1600
7637
12354
13582
14732
6315
3030
6302
7020
11899
9271
1880
14155
1715
8875
9092
8527
975
3002
9535
11510
14942
7768
12269
8268
5271
615
5153
6077
11741
3935
2644
13020
7230
2987
8707
11572
8453
7698
11024
8438
7054
4589
4836
4010
7993
12345
8816
5185
10994
6092
4584
13851
6584
7862
12113
14760
5167
10385
2241
8756
2431
4271
6389
1932
5438
5426
5368
6497
13836
6841
10259
9160
6245
14293
1856
1553
11737
7527
9371
2589
14190
4052
8418
13617
918
8426
7102
14356
13476
8856
8878
2408
8864
8160
8586
6948
9478
3008
12580
10054
11558
11374
6324
2888
5909
1668
6169
3579
12520
6007
3948
12395
11744
12096
1889
14521
94
1493
2379
8457
14094
465
6084
9350
8646
4885
12825
7638
14542
911
7781
12172
10833
12825
6536
137
13860
2417
11663
3538
1614
872
7956
11752
8270
12543
3011
11173
3500
13722
6092
11313
12305
14969
4787
7063
2599
4996
13616
1653
11365
13135
9595
8710
10065
9402
13466
11006
1706
8622
2257
886
8508
6215
4253
4222
4588
12616
148
13990
3366
3757
7108
3279
13419
1976
9066
5888
9682
10841
3063
14278
10779
8774
159
5150
3178
4569
9365
10732
1711
10110
6406
3476
8516
6798
10020
1962
11066
5539
3125
1153
8866
10121
13981
11308
3525
5023
7065
13703
5220
9886
5299
4655
12791
12456
4834
4875
13132
5168
777
7306
2018
346
7373
10354
12216
9497
10829
9091
2607
7917
1310
9546
13651
4516
9099
8696
9284
6047
10354
5477
2624
14646
5413
8463
5828
14083
1013
950
9468
12928
2807
5520
5788
13436
9101
10292
10100
1253
13123
2302
12794
10947
5556
919
14166
7427
1355
10601
5776
9880
573
14314
11131
10882
13368
14112
11437
6807
2963
6595
12577
7827
14036
1732
2397
3850
13782
13015
5406
8811
13932
11195
629
12798
14766
12553
7690
14111
1723
1173
2930
13174
14914
7868
9336
8357
9231
398
1870
9808
288
5056
7987
9352
7919
14108
1622
14476
7279
8003
11220
4959
8545
2275
536
1697
10965
8978
14402
9793
1475
5979
14052
14312
9364
13938
4731
5733
11626
2184
5822
6516
8374
13162
14551
95
10708
894
4820
9221
2169
12327
5822
6559
13124
10424
11729
2952
8933
4612
525
178
10524
13272
10771
9091
4910
4667
7684
13441
1981
10790
7998
14967
8332
9754
14961
2252
6745
1851
9681
14000
2706
12421
9999
7720
10732
13039
13148
12036
7052
12905
5480
9352
10246
6094
4957
10570
13724
763
3679
1223
9288
4175
8659
4492
8453
4142
13382
1855
9929
11846
5507
5399
1057
5826
4848
9300
9608
4007
8205
3964
12776
2721
12846
6231
14655
9037
5765
2400
8331
4828
6798
10878
12533
8638
14221
6779
9750
4915
12177
6447
6542
9912
2065
14067
11389
923
1129
7193
4798
14864
7827
6891
1550
4914
11729
6985
7355
7258
481
9549
8036
8795
176
13684
2646
10794
11500
1494
3013
1490
14419
7249
4263
2619
12669
1318
10179
297
7282
11471
13905
6210
5599
8788
12167
7026
6873
8309
14605
13325
4073
3390
157
12273
14882
11669
6231
9719
9404
5815
11246
5530
7294
1598
4414
6220
14902
12695
9423
3909
12175
14785
5267
11361
9784
8393
2878
9547
6961
1197
9169
9957
785
14602
12586
8189
9001
11267
5712
3880
1040
13515
10969
6990
12651
3992
3987
8050
968
157
6489
12716
12869
13921
14771
8383
4798
577
11171
10746
6640
2853
1155
3315
11195
963
272
7513
6962
8112
9775
4141
8271
8852
9779
1794
14867
9172
1367
13054
7101
8994
8697
12990
12112
7369
6518
9885
4040
14593
6601
4902
12635
2288
2403
8528
7742
181
1197
2685
9489
12866
6229
3420
8987
4111
8664
12791
5314
10694
4080
14617
9437
1124
12760
198
8142
8342
14351
14781
9468
14971
4106
4984
6813
6757
7399
8541
10225
2155
8988
963
3854
13604
3758
10542
14111
7437
1992
13698
3260
7414
5764
13648
1632
8067
9325
13574
12396
3408
10411
7353
5755
3464
5374
11024
2801
10997
7258
6550
7490
14046
11441
5164
9686
5161
2908
10339
9079
3372
10831
7250
1619
3650
8744
1089
6656
10294
3364
11630
5420
11503
9154
14674
8383
4522
9769
6590
9154
1839
3415
8990
8211
647
12433
685
14681
7335
1438
12465
5545
13683
14892
2700
2246
3132
4906
3662
14925
1322
12835
2389
8437
13558
13320
9057
6841
11838
4702
8183
5198
9264
3089
354
4203
741
5690
10328
13566
2710
2083
11464
3956
16
5978
3410
9721
14863
10866
10354
8432
14927
7219
13742
3533
8038
5440
13390
12633
12984
1447
3677
1990
12835
5751
6257
4652
9704
5124
10468
11968
12496
7856
3732
14469
4538
9583
7906
13335
9603
9145
7541
7505
3489
8945
8014
4557
12915
10340
603
586
7365
3586
11390
1438
10928
10893
2407
9233
12159
6557
12727
9479
11525
1122
9368
14694
14241
12118
551
4388
5427
5886
5317
7737
3129
3756
9805
1588
7681
12253
7378
12711
14087
11370
12784
8726
14866
12330
8692
10799
13157
3772
5573
4386
8030
5669
934
10762
1405
10347
7975
3971
10844
5511
1589
11326
8111
8513
14059
7049
14549
3917
2891
9856
13147
1873
12090
8346
14082
12390
7293
10121
7596
7715
11966
3543
5344
14382
270
12928
474
7385
8314
10549
13308
2382
1430
8568
690
11563
9105
14921
7814
9284
8659
12781
11533
1426
2801
12090
3433
7643
4151
13384
866
14620
12808
7084
4319
1741
3572
9105
7409
3618
247
8078
12976
8004
4201
6531
1148
3262
8161
8899
12463
14639
11535
11487
3108
2490
14261
9248
7885
14981
6691
4028
12322
7284
5496
5566
2612
6854
8649
14672
3210
9180
8962
2562
14676
2995
8226
2412
7345
7763
8115
3640
3179
6489
122
14822
1125
8271
11010
12876
294
1949
380
10045
8583
14310
1041
14197
13808
13677
3611
12991
7668
11828
7874
5036
11848
10937
11406
4490
14463
10788
3986
9907
14891
13749
11608
10190
14987
12202
1341
2382
2444
5183
1058
10630
10576
9345
9940
14491
10229
7171
11327
5851
10415
5903
8557
9345
14213
14307
10745
6463
6553
8252
5675
1977
1419
1299
11566
3550
9645
11093
6311
9421
7818
1701
13876
3753
8601
4684
4744
9415
1936
3007
14024
5899
6794
12147
4190
11813
13295
4042
12814
9790
13262
9044
3165
4348
12491
11879
13226
10878
4642
1797
8919
11942
3106
11056
719
12609
9785
13455
13238
12735
13060
3260
12717
3187
1431
4979
9867
14350
3028
301
14947
8962
3806
10484
11226
10247
13442
9365
2939
4440
1334
13786
2318
7002
12327
6692
5983
1653
12141
11183
2860
1434
8870
1481
8118
12761
13042
1499
12780
3993
10983
13282
12385
7107
1157
2941
13944
4032
14586
9501
13306
5525
14695
12538
4602
11729
12861
11347
14145
12843
9259
11392
10264
10927
10620
8815
3680
6783
3773
1182
611
9520
3265
13346
9781
3070
7535
14829
12454
10792
4198
9708
14258
2056
596
3828
2170
7128
6862
13007
9691
5137
11586
11065
5762
14753
9320
9491
14658
9563
5582
10482
8441
7210
7792
8022
6379
2537
132
888
5130
2146
8942
9544
13205
9836
11306
10648
10059
962
4109
14031
1110
9656
1477
5550
4739
14773
1820
14602
12944
9840
7168
1247
238
4612
6250
2433
4189
616
9946
1712
8763
3348
3741
2517
6789
2844
10536
11047
13223
10770
2942
7638
5029
13041
12639
4268
290
370
3572
3485
7437
11864
6116
2273
2957
11169
13015
10254
10303
3886
8563
11160
4488
12428
8249
6260
14827
756
2643
5825
8360
3624
9939
7516
4359
13367
5540
12688
4197
10918
7774
14692
12965
8296
9700
11959
4296
14567
987
10330
818
6670
10397
10436
7803
8929
5014
9536
6385
12340
10899
7204
3919
4707
7202
13498
12506
3304
9079
515
535
9510
9358
13264
5162
4158
5499
9063
1702
2619
14386
8348
276
1297
940
11851
12051
5954
5130
779
269
12023
11762
5951
7135
1287
14314
2595
13896
9480
9577
11676
2550
5864
6780
3473
5700
13066
4314
5
4151
837
5238
170
2738
4417
6469
6564
13234
4547
2445
14808
1716
7262
12723
9053
11410
4990
13809
6091
7334
10452
6925
12232
4939
11386
1772
6463
1252
4989
13775
2509
1949
5540
13690
11047
12436
949
14292
12004
11461
1898
10212
13386
13153
12796
12568
13089
4381
8158
14473
11119
2075
2701
12615
13834
2111
3422
2829
1180
8224
12163
1557
12108
10707
1752
8787
13788
4682
13141
4867
975
1491
9105
8597
1650
557
11124
8345
4981
13199
1229
11807
12356
4454
14331
14896
10948
12313
6229
5784
6492
8504
8366
10620
13623
14235
4354
12672
14632
8196
6389
8154
1796
11679
8665
10078
2495
345
7559
682
12541
11805
6427
14982
13664
13569
4952
14505
441
4566
14747
3057
8429
2810
6344
3606
10543
245
3609
12937
3071
11812
8330
4501
8355
11605
3809
11601
12266
7774
3390
6277
6479
1825
6651
14111
1685
3462
14640
7462
14982
13697
6911
3222
5897
2758
3179
5194
703
1795
11589
8416
7147
713
6526
13931
3440
14454
5315
10099
5325
12157
4039
9158
13134
864
13323
6735
12076
4771
11392
739
1482
7770
2856
8313
1050
3710
13288
13130
10794
2905
8513
4472
9879
267
12602
8087
152
1264
13302
222
4036
1858
1677
8694
5905
1730
1265
11445
8178
12936
12602
14116
7016
14972
14047
10983
895
8216
5308
10415
2167
9444
1321
843
332
5776
848
12393
3426
9913
12914
388
7118
6069
9237
6376
1521
14984
9871
7126
7788
3998
489
6668
11576
10596
180
8558
14852
4714
1187
8438
13649
587
5289
7628
3989
6155
12869
11818
8284
10516
848
2452
12999
3606
7491
7482
10010
11897
5327
7929
7782
11061
11622
4493
6071
8952
10095
13669
3141
465
10461
11695
10649
961
2068
11491
2727
350
3526
1863
11831
8793
5319
5632
4289
13997
7162
206
5874
8081
942
7925
2781
2474
6209
14849
11665
7201
11439
13662
12045
9341
4511
1684
12637
7018
14325
6466
7781
2692
11032
8550
578
7597
10573
3058
3555
3304
3207
4193
6113
14298
14515
7954
2133
1079
8779
11995
3031
2762
8326
7036
11322
7906
3285
11441
1492
7736
8651
9440
2259
10987
231
9589
1569
3264
10239
1281
9341
12180
6863
4729
9950
7946
12838
12510
12245
1127
10979
7208
1993
9407
11912
6330
4416
1809
127
3787
7702
4068
10537
12552
6237
4903
9554
4535
9712
1041
5181
1940
14423
6009
11206
12687
393
1766
10037
14765
12751
10320
4307
9083
1498
13341
6693
852
13106
6368
11836
10269
8424
8205
6677
4379
13223
6193
5227
8829
14806
9401
11186
10910
4253
1812
2228
8296
13848
14064
6290
7569
10730
5452
12702
3967
5855
10262
4648
6260
1335
6106
66
10580
7877
7934
10277
1622
6862
580
8739
5078
9350
741
11142
3733
10866
13534
1562
6615
12940
6213
11272
11169
6477
7716
11029
5256
8544
57
11574
14412
2028
4420
14649
10854
6408
4450
7335
10522
9103
13719
2901
855
575
8654
6071
14409
2870
1449
2067
3179
12832
10302
3856
1038
10973
11605
12476
7873
4582
1653
8919
10593
8175
13078
6993
667
2899
6157
14058
8314
14450
8869
13897
3795
10565
5718
6167
9583
7246
11279
8654
7707
8528
5378
2473
6054
4896
7127
13662
13457
1696
14971
9159
1880
6902
924
5849
11617
3433
3681
7119
13516
6145
6345
11030
7748
11889
6024
688
6518
4992
1057
7853
8862
4681
5712
13564
4034
1635
11497
9553
2889
11111
11748
7669
10133
12729
12450
8565
6392
9767
13578
6407
3966
11656
10105
1511
3044
10028
6819
5101
13329
14000
9089
13616
3957
5076
12171
2930
9914
10894
13730
249
4651
1267
8869
5318
8015
14364
1941
13384
9457
1307
9608
4679
8229
939
5288
2543
7350
4948
11766
8010
12957
3530
4187
9048
8762
3275
3347
14737
13563
6785
4127
4767
11828
6086
91
319
7735
9270
1079
5370
13702
7767
12293
2470
8865
7224
3701
2509
4289
10314
11488
3050
14871
1800
6080
7127
1331
12409
1181
2505
3852
6497
766
13991
13574
4403
12639
13102
4234
11755
14866
13452
