154
258
71
384
373
209
747
336
171
571
801
480
36
4
874
755
731
530
897
632
83
735
589
615
67
581
742
50
613
744
550
325
716
526
820
757
381
233
690
816
884
684
718
750
92
19
597
64
145
106
331
755
180
338
409
411
250
673
368
717
777
390
48
722
438
808
13
672
312
751
41
274
245
261
272
725
69
549
604
72
453
827
261
117
577
843
465
588
845
885
207
376
636
664
260
81
477
144
251
234
141
345
39
19
541
396
757
843
126
526
789
157
596
42
128
852
262
398
377
468
494
225
507
758
826
476
84
603
700
57
771
387
339
32
27
159
524
615
530
816
22
777
780
715
142
526
392
482
607
544
764
150
817
644
536
336
351
544
126
654
499
643
483
99
173
265
352
792
326
322
626
823
745
647
123
869
384
357
454
213
816
654
513
14
661
649
510
572
796
610
559
549
835
865
705
768
118
397
773
38
880
591
50
11
820
279
582
610
79
145
178
551
345
413
283
278
772
799
769
236
70
640
99
591
759
389
746
749
267
170
721
390
739
464
506
888
853
193
409
58
411
485
750
811
570
749
851
540
55
803
5
427
426
794
190
299
172
798
326
655
898
348
370
508
653
261
693
566
176
86
865
515
249
185
375
430
286
507
86
216
739
310
710
31
560
256
166
874
195
869
292
568
419
127
68
735
818
726
677
714
149
424
389
412
481
482
282
192
288
561
459
717
215
66
768
514
60
804
709
422
642
596
467
271
478
362
894
196
335
620
870
533
419
182
180
525
441
48
427
628
604
317
702
246
674
699
641
812
270
294
786
847
587
35
861
146
750
538
321
810
524
268
831
400
896
873
309
631
484
194
620
747
327
276
245
313
63
733
570
423
664
248
236
728
109
84
629
208
785
426
830
143
592
492
385
736
128
99
1
127
381
441
716
45
503
245
657
709
428
375
180
553
634
674
285
195
870
631
719
104
333
872
384
635
662
155
791
90
22
619
899
508
756
402
794
140
779
645
368
280
118
881
301
581
39
360
236
410
630
412
442
75
446
575
299
45
284
584
10
759
280
524
199
641
420
561
256
366
145
636
649
500
738
240
382
776
110
451
5
422
419
430
419
422
730
508
135
123
276
283
693
418
516
528
496
321
70
500
890
744
