2050
1028
2053
6
1032
2056
11
2060
1037
1038
2064
16
1046
1052
1060
36
37
2087
39
1064
2089
1065
1066
2092
1068
1069
1074
2099
52
1076
53
56
2106
1085
2109
1088
2113
2115
1091
1093
70
2118
2119
1097
2124
2127
1112
1113
2137
2138
2139
1117
1122
1124
102
1126
103
2152
108
1134
112
117
1141
2165
120
2169
2171
124
126
1151
1152
1158
134
2185
2188
141
2190
2192
145
2193
2194
1171
2196
148
1175
1176
1180
159
1186
2211
2212
1191
2215
2216
170
1196
1197
1199
182
2232
1209
2233
188
2236
189
2238
1218
1223
202
2251
2254
1234
1238
217
2268
2270
223
2273
227
2275
1251
229
230
2280
2281
2282
1259
2287
1263
2288
241
1265
1266
243
2292
249
1273
2301
2303
1281
2305
260
262
270
1294
2320
272
1297
2322
1299
2323
275
2325
277
279
1304
2328
2329
1306
2331
1308
288
289
2338
292
2342
1320
298
1324
2348
1328
1331
2357
1334
310
1335
1337
316
317
2366
319
1343
2369
1345
2371
1350
1351
2376
328
2377
2378
2379
2380
1357
1358
334
2384
337
1361
2390
1367
344
350
351
2401
2402
2405
364
1389
365
1393
370
1395
371
2421
1398
374
2425
1402
2426
379
1404
381
1406
383
2434
390
1415
1417
394
2445
2446
2447
1426
402
1427
404
408
1433
1434
411
1436
2463
1443
2467
419
420
422
1447
424
2473
426
2477
1453
1454
432
1459
435
1462
439
440
1464
2490
443
1470
2496
1473
451
2499
1476
453
455
457
1481
459
462
1489
465
468
474
475
482
1506
1508
1515
1518
1521
498
1523
1524
500
503
1528
1529
508
1533
1539
515
522
523
1548
1549
528
529
532
1557
534
1561
1570
1571
1572
549
1578
1584
563
1588
567
570
572
1597
1600
1602
1606
583
1607
1609
588
1612
1613
589
1615
594
1619
1625
1626
603
1640
622
626
1655
637
641
1671
1674
1676
654
1680
657
664
1690
1691
1692
1695
671
1697
675
1701
1703
680
682
1708
685
1711
1714
693
1718
697
702
1726
703
1728
706
1730
1733
1734
714
1744
1748
1749
726
1750
1753
1755
731
732
733
735
1761
738
741
1766
744
1768
745
749
1775
1776
1777
754
755
1782
759
1792
769
1795
1798
776
778
781
1806
785
793
1819
796
799
800
802
806
807
808
1834
810
1838
1842
1845
823
1851
1853
839
841
845
848
1872
1874
1875
852
861
1890
867
1892
1897
885
886
1911
887
888
891
1918
896
901
903
1930
908
1933
912
913
1942
919
1946
1947
927
1953
931
933
944
945
949
1977
1978
954
1979
1983
960
961
965
969
1993
970
2001
977
2003
2004
980
2005
2009
985
2010
995
997
2021
999
2025
1003
2030
1006
2031
1009
1013
2040
2044
