5310
7813
10134
11196
7020
1117
9613
8947
222
11953
1971
1952
1502
507
4744
5812
1983
546
3897
3157
4367
1200
10936
1489
2790
8820
11181
5556
4196
4133
4122
5179
7520
10427
9969
5297
3306
4743
5839
6585
8705
4296
8485
4905
6664
128
10231
8098
5755
7647
337
1085
4401
2999
3273
11687
3913
3100
1030
8781
3915
8922
9299
2366
9192
7449
4885
6185
2882
10727
7810
552
8625
1123
11073
4086
3342
5649
6719
8130
11096
8830
2864
5392
10619
1445
11227
4264
5809
8813
5846
11148
6984
10083
1032
7961
7994
8626
7926
5540
1952
3901
10791
8162
7684
6978
7261
1318
4818
10539
6780
3855
4065
10360
6214
8688
4491
7960
7339
5371
3583
8058
8276
612
1908
3427
7692
11105
8963
4135
9314
3434
9655
2414
469
153
1303
3752
3008
11945
2452
6511
3035
4663
11544
5620
4180
9677
1834
4500
3760
5149
9322
440
2249
8793
6514
11182
5822
11106
4789
6970
7626
6708
7821
3809
5763
3044
7151
1921
3544
1384
5518
181
1675
2527
3160
426
3081
6809
5457
6802
1015
441
7476
910
313
4819
11327
4620
6578
2263
3806
2866
5710
2484
4112
1484
3600
10947
1939
7908
1801
7865
11460
11752
3115
4888
1959
8
8033
10030
5620
2916
9469
3569
4256
11587
5968
2734
2250
1713
8152
3941
7527
9688
3909
3367
10310
8494
2618
9948
2657
1095
186
4079
9441
9361
11171
10101
11027
1266
3827
3466
6376
802
3346
5010
7370
958
9731
167
9570
6464
1320
7911
8600
5614
9313
2669
5041
8714
7932
8086
10899
5984
1810
10533
11263
5960
1791
4905
9025
10827
7792
8819
3193
51
7015
884
8353
11658
6048
8771
6903
5617
3863
6937
5315
8291
3028
6431
2589
11339
31
9900
11574
6018
4151
2713
2910
5538
8011
4161
266
8386
5125
8799
385
3007
1698
2488
11623
3799
7606
8186
8600
1776
2745
623
1378
9401
9805
6374
920
10543
10289
3059
10143
4266
6464
5395
5659
6645
9871
908
10957
6463
10681
9075
3816
3117
3632
4026
6970
8249
5738
7929
7847
4206
3633
4993
3337
9463
10791
4252
5309
9302
151
8590
524
7426
6241
10693
3329
7100
8832
2547
9795
11157
9521
6453
739
2483
10219
8094
353
9500
1176
6041
9919
8997
4318
8854
9332
10919
583
6241
1380
6026
4914
6639
10276
5805
2514
9478
8205
8766
5465
7816
3246
5419
7766
9231
7724
11737
9639
126
7997
8739
10840
8615
5712
2421
6244
10985
3244
1664
4212
3640
6925
6603
3674
1006
8185
5836
9872
9412
5515
4614
7058
1076
3889
4591
1940
3515
4199
1604
2869
2259
9495
10821
9805
7896
1261
4421
7168
4530
11310
9430
1211
10351
1142
8486
7672
3063
4015
3152
3181
1118
2924
3653
6755
1441
11926
3865
7314
2601
7885
2439
3361
975
5976
9659
10806
5108
4629
119
5174
11320
4440
6326
5727
3647
9329
11578
8714
4953
7901
867
10116
10695
5202
10961
52
9655
5474
11807
10802
10452
1222
10085
10375
3963
335
839
3219
2478
4110
8276
11956
5737
510
9326
5735
3363
1694
2536
74
8281
1927
9926
6959
5743
11707
355
1394
7044
9538
9993
8236
11562
8507
4658
6043
6339
9567
2830
11625
6750
7233
9230
2696
1074
10542
2245
7535
7764
2106
4630
1051
11625
697
490
5644
5384
11584
5469
2122
1307
3432
11130
11846
6357
5550
9584
2770
8978
7977
11247
2287
4229
7365
4261
9970
5139
6695
8957
8581
4665
4057
10132
11402
6491
1351
2516
353
10149
11855
3741
3828
7572
11701
6875
4615
7459
4451
8402
4986
10359
1255
9279
93
2647
5600
4501
10252
4996
1830
11136
10504
2527
7473
7772
309
5472
11950
8706
9358
1093
11089
2263
5891
8975
10868
2141
7447
10471
6481
1947
418
4851
11564
8534
7334
10460
5894
6456
8922
3699
1794
5253
4317
9920
5349
7199
2044
10034
8063
10530
4131
3326
2787
9776
9385
10292
10865
3647
7832
1745
7329
4953
6529
9408
129
8970
5529
2170
6459
9610
6009
3540
1017
6563
6443
9162
11371
9417
5650
3175
10204
445
7504
8857
11511
1985
5654
480
6343
7796
9608
1087
1484
9113
2901
7206
2199
9100
3195
8917
1780
7272
11350
5303
9561
7250
3202
11157
7427
10229
9075
11380
10988
4722
1574
1213
11990
453
2908
3711
5714
4157
9314
10429
226
5971
977
1323
1996
7273
7501
10967
5302
5705
9298
2977
1158
6669
4315
2471
3570
7845
5270
10069
9768
10063
6997
1308
3715
11034
1494
10634
11310
7803
5502
5278
334
5780
2937
10333
2949
2473
8630
11756
3429
11810
5114
1801
6759
2641
6678
4514
1718
2828
751
6337
11456
127
8454
5172
2707
11749
10907
3238
10369
5741
5686
9787
6965
11508
5651
7332
376
9237
11192
10770
9517
2069
6583
4594
9484
1320
6722
6056
10969
4539
8162
6709
10497
8185
11359
4287
7835
7361
6233
10405
4322
11082
2100
7869
5866
8129
6856
3898
10983
6156
3175
3805
9988
1262
8000
1550
9095
10746
4711
8265
2546
3156
10787
9484
11979
6045
600
3445
9807
3743
9371
6461
8344
9658
963
7149
7809
290
5125
6457
11295
9658
10704
9481
5339
6730
1635
7217
6480
2620
386
4043
11498
3107
8633
8460
11564
2887
8319
6326
8917
7432
7754
8828
4254
1411
9923
10963
318
2087
1209
10967
4888
3869
10480
7712
7420
9052
10485
4528
5378
8242
11974
11259
4942
1779
11065
1928
11165
1606
3040
9208
3887
5393
8884
738
4912
8563
11159
4730
7607
10548
9731
6133
6843
9134
7884
4146
8427
7336
1756
4285
2409
3645
4365
1954
1341
4689
4425
10273
9172
11842
6858
6679
2424
9676
4364
4089
7820
2718
9893
3594
1530
5558
268
9424
3348
5232
8758
1032
8093
6460
3943
8950
1235
6817
7255
868
10377
1658
3697
3287
1462
1331
6259
6439
5632
5199
2849
4117
9895
9623
4415
11543
11223
8241
5721
11915
648
8969
10519
11870
7083
8931
2179
10637
11840
10749
9085
3257
1811
2051
4403
1309
5913
10966
6596
4389
3940
11378
11667
11794
5631
5555
6580
2086
7081
5657
372
11777
1152
3171
3769
6064
11545
11307
9464
1411
7481
11870
2188
8114
9261
3313
2416
5804
11375
3246
10796
3427
10183
9923
5294
6185
9483
63
8761
5156
5625
5955
2464
6932
7504
7636
1509
10869
7046
8621
11735
278
10732
2994
7724
315
364
1052
11361
10538
7370
482
8775
8249
8618
7719
278
5704
256
808
5409
8398
7318
8253
9219
7542
5951
3815
9615
11352
7383
3362
1100
9851
7016
1678
6735
1559
5987
1642
6720
10594
10253
4383
4183
11183
7576
5593
2548
10633
2810
6975
11843
8006
8949
1046
1777
2143
6781
1888
509
9028
2155
7704
142
9996
9016
5275
1454
7477
7542
674
6403
3440
8590
7357
3852
11801
2950
6595
7239
9445
6828
2850
7983
6892
11422
7746
11513
2228
9570
3071
6144
7734
7358
2291
3650
6246
1112
1683
2607
10633
6256
6394
7952
6727
2369
4476
11337
4409
6553
5874
10211
8658
11841
11410
5246
11516
9849
11242
4712
1718
121
9295
10754
8679
3696
9646
11542
1681
4234
4165
618
6107
9297
11465
10917
8148
9850
5726
267
5368
8899
10829
7529
6083
9462
6845
4310
8747
10367
6830
3091
7024
2834
6589
7184
6522
3714
1803
1839
2749
40
8490
4054
5456
4060
11536
5232
5405
11830
495
2951
8586
3551
11002
7048
7877
24
4744
11367
8818
4832
10713
1441
10129
8772
1766
10778
11719
11751
615
6824
5385
9580
7393
2937
2360
9867
11832
70
2226
8925
9108
3493
8974
6847
3204
9073
7477
893
2937
8959
8318
9197
4050
8981
7857
9910
9788
8024
2873
11194
4430
7892
9963
5496
8569
5219
9816
171
4423
7120
2222
4263
5787
7953
9503
8584
10651
505
7375
10722
9108
8870
3555
6144
3736
10587
1941
9220
6291
2063
797
3724
8147
11090
11438
8221
6575
11101
1995
11545
4553
6144
8596
7342
7665
9493
2459
8551
11974
4797
10208
951
7614
3222
7958
9154
2262
3737
1010
8248
3337
10058
2514
697
650
3682
11019
2336
316
9753
10241
5950
10606
10866
2784
8541
10689
9204
9175
2924
368
6525
11597
2559
7555
5060
2194
9607
2983
3322
2005
7358
397
60
1390
10649
6662
941
10339
6028
11047
10287
6513
8870
6039
10530
4666
10778
3448
1559
7082
3405
5700
5564
10722
2278
1496
1475
451
11124
11640
807
1628
3330
10560
1231
11182
595
1173
2095
9637
4023
10681
9341
10627
1157
3556
7107
9659
10601
2356
3137
2532
292
1270
10534
3322
3298
9037
3542
485
1399
4690
11248
4763
172
10816
7779
5071
4891
8669
6982
4169
2306
9898
3956
5754
3704
11264
8993
2813
6903
4623
2116
2944
2565
11584
9063
11326
7976
10340
510
7899
10877
10822
6800
2504
3777
9194
10476
2045
8459
2408
1863
9031
11821
3456
3393
9860
11820
11547
8216
2072
11193
1774
414
7279
11705
9321
6548
7201
3118
10156
9437
3219
2707
2679
3185
662
6334
398
7505
7857
11767
10689
5935
11185
741
8837
10540
3823
10728
4957
11928
1294
7991
10652
3353
7147
8937
10992
8062
10644
10289
10287
5070
9950
4163
2328
3545
10039
2593
10585
4854
440
9069
3310
7149
6182
3694
436
870
8176
3221
1304
6654
3399
1192
9951
3217
10790
4887
4671
2716
6608
10426
7321
9305
4895
6585
10838
4362
8272
3196
3463
1544
11678
8552
5303
1213
4546
7575
2581
5317
3560
1221
6108
8261
10941
2271
305
2199
8042
8061
1249
3835
11679
5899
314
11525
895
8022
5294
9661
3719
11162
5172
954
5375
2690
8910
9403
7015
8657
10262
4670
11807
7832
8191
6770
9418
180
2719
127
3415
1796
10036
5258
8823
7200
9941
1472
1894
5779
8170
8513
10498
3727
6501
912
10321
3554
5271
3441
9441
8206
8264
4542
7353
2474
11580
11216
2628
6884
11190
4065
5322
11200
11417
1728
10205
6202
24
1825
2575
9326
2211
6072
5999
9321
3613
4784
195
3905
7712
10398
2880
379
9040
3526
2660
8368
701
10602
2010
11216
5465
4087
9646
9203
2940
697
1336
2732
11757
4356
11209
7790
7622
5903
10011
11301
5747
4017
3168
6425
10620
6485
9278
11710
10379
7587
3684
1164
214
4425
10787
7936
182
7325
816
299
2315
6799
755
2534
4179
1237
10043
2507
195
6127
5094
4047
63
5668
4009
5068
10536
8917
10418
6837
4624
11558
9164
904
8571
11612
10094
1064
2291
9220
6261
8924
4295
6967
7098
7176
6101
2117
9936
7115
6923
10585
4904
7807
7177
10996
9964
7790
212
10181
8881
11993
9637
7436
906
9801
2212
9619
5428
5852
7633
4030
2312
4581
11258
5316
7222
6235
1034
2371
2398
8440
1039
4424
1556
74
6128
10060
434
10445
11503
2816
9976
10130
9646
3628
3267
5505
6432
8886
10512
10687
3156
4109
6308
2596
7479
6955
6474
4333
8680
1665
6830
3752
874
989
7433
2782
8640
4890
1258
1010
8894
774
9220
2101
4597
6881
9920
8165
5182
8060
4210
9641
10638
1082
9106
9236
2966
805
9259
1608
2320
8854
11884
9966
7324
1000
6505
4801
1450
1094
3083
5879
7291
7305
10157
11167
4014
2190
11685
1760
148
605
4405
10656
1718
1291
7046
4940
11326
5821
8370
639
8007
5759
11584
4274
4862
5517
6990
11167
1924
7759
8470
7734
4866
10330
690
4343
5220
9434
8445
1210
2015
1054
1423
8191
10417
4111
4934
7335
5761
4510
5854
2388
890
5278
3431
4708
3767
10841
11388
3315
2978
263
9003
2857
6802
8322
9549
9061
490
10580
7116
2862
5764
5419
7881
10946
9935
3232
6761
6610
11270
10462
8448
6922
871
92
11080
10132
10185
926
149
665
2195
9036
4262
8497
11794
6019
5001
11914
6901
217
4244
5044
10290
10548
476
1213
4882
4728
1443
2438
1915
142
4751
2632
9
8465
5815
6795
6509
2010
276
5503
2855
1866
9957
3346
5878
7838
586
11617
5114
8709
9556
3832
11022
3084
6758
11652
455
7138
9249
430
6268
8634
2329
902
7599
1410
7634
7407
8683
7858
3706
4932
5514
5239
4067
7303
3972
1929
2674
8665
11618
10930
2420
1669
7753
9725
4944
4464
7476
10329
921
7679
1788
7987
5478
3407
6313
3068
7608
9477
10532
1841
2922
7012
5144
3516
7929
11313
8273
966
8103
4793
10520
4265
7301
6905
4381
3565
11628
5489
519
7614
5331
5884
9529
3998
10014
9776
8080
52
3381
7950
460
4664
1423
591
2828
8860
8512
3051
2364
5312
11619
5075
5419
9585
6995
1370
8680
4146
3751
1533
9807
10792
11357
6594
9621
10621
4227
10978
1171
9661
7796
3674
7777
1137
1147
1050
8262
4033
7230
11631
7539
5813
5750
5396
11105
8819
4479
3687
2734
10561
2678
3944
1810
782
640
1427
1237
7933
8119
8311
10813
906
5006
6162
4453
10251
8089
4016
6037
6156
1371
325
1351
2204
4277
92
1070
7261
10140
2282
7489
1789
8139
4226
6282
7596
1582
2268
4703
8471
8041
7911
3564
1178
11167
10521
351
7539
2438
6511
3641
3745
3940
2144
4970
11762
9718
9575
6692
7526
7832
2612
2226
827
199
9570
5667
1015
588
432
9200
8373
7128
3074
9900
10487
3300
2343
1746
11976
6762
4888
333
10585
2054
6473
11953
349
9933
6756
6036
7140
3679
5470
2703
270
7070
5039
6804
5212
10673
6571
10751
4415
5764
6853
7530
787
3492
3232
8712
3931
9776
11233
1746
7207
10567
22
7892
2156
4120
968
10531
7496
5711
11786
1137
8381
9677
1733
4235
4225
82
5415
9170
10312
9693
7360
9549
2450
4924
305
11924
9038
5237
7816
6535
6529
8387
9851
9120
4891
5787
8252
305
3962
3627
11188
8139
2809
9981
862
3478
11381
8747
11523
7158
6939
5546
1079
8347
396
7590
3087
2954
8974
10561
9089
1909
6679
8789
7627
308
9878
5886
5118
2481
10942
4916
5760
11812
9895
10801
9309
11615
8044
11663
690
9897
8088
9680
10249
3951
6876
5209
9748
2461
10301
3072
6300
3642
2463
11036
7107
10683
11233
10294
5457
7531
11266
5150
5132
3768
11236
10732
8894
5242
6588
9821
9693
14
8950
7860
5168
7144
4327
590
8471
2155
10829
1602
8614
1519
1671
8472
11691
4625
3218
79
7839
8728
7007
2107
917
1197
4082
7091
3886
9708
1186
4193
512
4901
2576
3301
10424
7994
1713
9577
7187
1757
11907
1177
6565
9378
9556
7591
7073
917
6793
8589
1827
9836
6635
2269
1997
10350
2937
7480
9801
6639
11921
8047
5017
2321
1813
4932
2522
8678
10304
2544
7554
10488
8520
9622
11209
10819
5726
2057
629
2239
11799
10996
4804
2142
77
8377
5833
827
3004
4562
9149
9565
1412
11538
6422
11597
7410
2225
8962
4599
11998
127
5914
6462
5020
6483
2210
10875
5063
2927
1504
8798
9795
7756
8734
736
7629
7651
4708
11888
7159
2889
10522
8380
196
4506
647
9713
516
10313
1483
1258
6781
3610
6773
9274
3579
4817
9836
1417
11765
9506
5508
10712
3475
8657
5965
5309
3679
11685
6467
4206
436
1085
4011
1646
4487
6431
10850
8995
5478
1124
6457
7973
1984
6164
4233
11206
747
8980
1072
8944
7613
1352
1939
8685
2477
4041
7042
5869
5717
10245
7156
10676
3753
3458
8392
186
1889
10613
10035
10459
4886
7280
8504
9689
7716
1645
6826
6870
4727
3280
3494
8101
9217
7048
7296
7378
9563
4595
8327
11849
5345
745
11821
11962
826
10974
832
3102
3937
1982
11001
10758
1076
6234
10841
1017
431
8721
11836
4748
11815
1845
11606
9448
1146
7659
87
222
11670
9710
8036
8767
8285
4999
8581
9050
170
8418
8023
1895
10468
10503
7142
11251
1438
10952
6489
2504
8530
7176
6462
8791
8211
6625
3500
2328
4526
3288
10796
2117
10712
8407
2434
4350
8243
5664
9340
9767
10004
10766
952
7762
2067
11611
11770
3588
6616
7727
8861
5754
2662
11353
2874
4111
6190
257
3546
11992
1654
6591
2620
1564
216
3439
6024
11023
3731
1948
9150
10656
546
8376
4596
3144
8743
8983
10202
1273
10656
6347
4776
500
5017
8301
9648
3200
9646
11875
3420
1209
5319
1881
7066
11028
3790
110
3486
9746
4166
10387
2988
10473
11318
11531
8507
11067
9176
10971
4317
11736
10089
2068
2308
181
553
4391
5770
3431
1572
4982
203
6118
10906
11191
3290
9016
5478
8614
3961
10469
8309
8621
2408
136
10974
1656
4188
10262
394
3848
10963
11922
1400
2366
5753
379
746
1730
11567
6049
3947
2108
379
3059
10163
4958
5142
3000
4715
8749
5964
8983
132
4645
232
4581
8744
4922
2376
11503
8225
1470
11195
9320
800
3831
5564
5533
5266
9664
2085
5060
2186
8500
6580
7302
9547
9727
8754
6673
3307
4275
5494
664
5153
10302
640
11552
9285
9352
860
4158
8879
2662
4667
10953
253
10258
1061
2738
6800
4993
9236
645
8481
10548
7195
2466
5002
7384
8949
6065
11762
5587
10334
7431
4068
6461
7912
9538
6899
8459
4195
10848
5916
4737
6575
9524
4421
5988
5420
6160
1796
6688
7787
7438
8594
10037
7749
7229
607
6448
11373
9359
6142
4107
9425
4650
2426
1124
10920
3533
8658
3268
4571
9148
9516
869
5350
9508
6620
11537
1647
9775
9737
2799
9012
7475
8790
6675
2391
5001
221
3219
1298
10803
2597
6986
2362
1096
9199
5418
10676
3808
5041
8125
1619
2913
8254
5465
823
8080
5562
1660
8273
2865
4678
11311
4661
11514
8693
2105
1503
7712
11141
10717
7873
3720
631
8207
2021
8242
1183
7913
6263
3144
3673
130
5574
773
10736
7541
11003
2179
6765
1278
6520
11072
6632
7932
3701
3230
10572
2103
5350
6977
1432
4661
4096
10491
750
561
362
5243
9942
7089
2158
5952
4527
1586
11511
5378
1698
10703
5688
6684
7088
11987
9878
10986
11415
3978
3787
4205
3931
975
6668
2141
8584
6464
1936
3858
8072
3878
7064
9229
4400
5707
8977
202
6900
4982
3984
695
11813
1137
7560
4118
2695
11196
5361
10130
8346
433
614
8414
8712
7986
3437
4376
10816
239
11324
6706
2731
756
6110
9300
360
2379
9336
147
7649
5609
9411
10051
8308
4963
7023
5170
6902
4298
9031
10148
7161
3964
8123
7984
1001
4816
5969
6369
11077
9859
3685
10208
7971
2071
4098
9970
3473
11521
6646
7844
9972
5948
11283
7824
4950
6703
9500
3795
11175
401
102
219
10165
2150
4466
9819
1197
364
7571
2391
1355
7268
8417
7273
9183
4785
5741
2031
2330
11262
5792
3963
6879
7696
11890
1048
11311
10
3075
6709
8573
8805
2969
8556
4217
7143
4675
2275
11027
11058
8128
715
3124
3464
6208
10008
10756
5638
4543
3151
11519
10212
1561
5521
2393
3698
4436
8527
4319
1982
11015
7264
2396
547
10983
7327
7333
11511
2267
829
8210
11629
11890
11666
9758
10870
11160
2078
11314
7803
9488
11124
969
8954
10135
11666
535
9236
9475
1735
10934
9133
8369
55
186
10701
8227
2672
364
7826
1145
4625
8287
7501
6180
4017
6473
6591
9736
11621
10576
9088
5255
6584
10420
3288
342
261
8051
8276
7945
5823
11457
1363
7440
9141
7682
369
11653
9462
9284
5392
8282
9812
4124
7045
11678
1289
4352
6502
1771
5559
10737
8489
9409
6300
1631
5922
6432
9592
11814
2782
9552
4091
42
6734
5946
2817
9521
3415
10530
11302
4708
1347
1273
7133
709
11598
7021
603
11223
11526
6713
34
2431
11378
10431
6763
9234
6064
10965
3595
8304
3742
9899
6281
1137
5579
1587
179
2989
8906
11088
567
6485
3801
10856
10512
2381
903
3437
3719
2692
11657
10001
2317
2449
10570
11542
3732
10839
9781
8696
4129
11912
5275
10119
4333
8658
3417
2679
11150
981
8287
675
8242
428
10307
11694
11693
9559
10123
3373
4000
10019
11676
1562
4154
9995
8506
8895
9109
4892
10835
1218
270
843
7066
2239
5625
5649
9249
7388
6787
7639
3493
7861
569
6598
9686
11165
8358
4316
9866
2120
4330
1944
10336
4247
6853
887
11581
6318
7218
9016
7243
8770
1369
6648
15
3243
6350
8298
4893
3450
10066
4827
240
2212
2297
2205
5247
1837
11386
9599
6050
309
7631
9704
5384
2930
10097
1387
1473
9657
6211
3919
8304
10464
9860
4697
9458
5490
8606
9926
1607
639
3309
793
4290
5856
11030
2009
9221
4391
11547
729
5543
10042
11032
3108
10671
10724
5310
3314
5071
4162
3495
11966
10272
10612
10820
7846
10708
5354
11398
1038
7902
9917
11944
3762
7045
3203
1091
3523
2193
6081
3385
10973
9233
10518
2174
3862
5864
1244
2413
10497
4322
10646
629
4097
3573
8119
10513
7661
11960
4064
534
1478
7968
853
9464
6112
5437
1503
3269
9446
2763
1641
8673
2633
3279
8042
10021
2504
3467
170
3897
11468
6051
9367
521
8295
8673
6999
366
11275
3996
9683
566
7149
905
477
8917
4663
7541
8167
11920
1126
9389
3108
4261
1441
6893
4007
328
7362
1847
10060
10481
5442
4795
1723
3339
11362
3646
7065
8153
7984
3459
6721
1078
8817
11291
6552
11596
2021
3667
5282
7652
5917
319
1194
4627
3380
10317
4934
2428
6072
658
800
6365
3493
1760
7955
8716
4060
4513
11744
3150
3765
3907
7583
6816
3009
5933
7243
7933
1565
11312
5152
4878
4811
5552
2616
5390
5912
9459
2814
3148
11118
1449
1418
1871
9633
779
1959
11570
1875
7352
4052
11675
4005
3449
6136
492
10849
11860
7193
4529
1962
7661
5656
2689
9152
1474
4211
4021
3622
4102
10887
7382
7745
10253
5564
5461
1520
4553
11902
1042
3783
10637
11713
1222
8307
4732
9929
8622
11900
2872
7180
7826
10707
6015
4028
6248
11816
5901
7971
11151
4412
9743
6014
11693
8076
2742
972
8324
6493
10071
1959
81
1402
4163
1945
10556
4254
7498
10955
723
1373
9107
1769
8115
9200
11072
7396
11499
6378
10023
1427
11782
8741
8033
2189
1010
7617
2114
5944
7711
9667
4744
10317
5681
3650
11447
1113
6351
11586
3558
11479
11945
136
1106
2534
11075
11588
5465
3829
9224
4879
2342
1140
5634
9406
6859
3896
2337
381
3696
9698
10566
2596
478
456
1196
1044
10035
10812
10740
4395
5319
8813
324
251
3369
8661
4554
1780
3956
2684
4973
409
3976
7076
8024
11604
3975
5648
49
5350
1240
9260
2947
11697
8041
4689
9576
5073
1820
4815
649
6053
9402
3721
10073
9638
6001
7266
2941
3942
9659
1260
10337
6220
675
4365
5330
7070
701
606
6962
7577
9438
10202
7318
5075
6889
838
10983
1306
11063
5347
3705
6303
1682
7899
261
2744
9300
3697
11484
3870
3717
8754
10925
6007
6731
1993
6568
10963
9657
1713
2496
2889
5815
9033
4535
10800
7558
9174
11659
4861
7199
2573
11170
9996
8581
4060
11392
6761
1732
5427
6394
2996
8307
9481
6236
9807
11262
11307
11349
4832
4554
4058
4963
10330
8263
6344
3698
5594
11727
5532
7642
6032
2773
2784
4410
11412
4283
3841
1507
1997
2038
10548
2890
6311
2136
6440
3192
7149
1915
4223
5126
10614
6643
6801
329
6840
5475
1597
3460
220
10363
4883
8312
9047
7343
5178
11079
11556
4055
1081
2672
10465
11685
11652
4701
728
8026
6894
333
2372
5272
2800
1431
1048
9365
10511
2752
7316
7306
10384
4784
2304
3672
11847
11598
1650
3281
6248
2155
7242
102
303
7400
6916
7447
8996
9227
10518
2101
2511
10091
4835
10347
3579
9895
5256
3658
7591
11325
5118
2514
3765
5096
10212
9755
8710
2054
5277
970
9849
471
9764
10580
11181
152
10637
2122
4849
6288
8849
11184
2271
8129
2979
7126
2391
4637
11992
3940
9504
10447
9002
4140
5779
6083
2979
4177
565
3073
9028
6945
8606
599
5299
8098
3319
694
246
8834
4367
4398
2811
9188
10006
6971
1800
9705
4804
10425
2955
9518
182
2959
9727
2699
3663
4267
11081
1889
4730
11691
5462
2192
2315
1458
6819
10754
526
134
1382
509
1378
5392
4609
4060
8226
11034
6259
2483
929
8257
6231
1286
27
4832
7096
5620
11150
6268
6572
408
10948
11003
8940
3725
644
5308
4291
5086
2445
3839
4718
4641
621
10708
5907
6744
7400
10597
3977
186
1568
769
11690
3503
4926
3803
7767
9459
10939
1044
4
1637
5443
6931
11954
11228
7930
6306
5965
10851
2369
6756
6651
4007
1435
993
3572
10716
7
2521
9286
1854
10041
10579
2915
459
8141
5073
7780
1552
5018
2473
4278
1549
8650
4543
2467
2348
6081
4470
8857
4913
4537
11483
4862
7710
11857
5011
4566
11869
7767
8395
10040
7473
4186
274
3897
3585
2436
2738
9999
11241
1389
6015
1716
864
957
462
8758
8775
8657
7835
5835
9558
10180
5904
5807
4843
9402
9881
2390
8478
8685
2628
11358
6510
2166
5993
4083
5734
7848
7268
462
9602
7555
5101
5633
5665
1547
9433
5008
7878
7829
7881
1337
6269
4975
8551
6936
4909
9341
3112
7008
1819
7602
4146
8460
10193
3692
10324
2037
9771
4951
6147
2543
6868
10749
3257
10651
5264
6581
10021
7288
7265
9624
10997
8258
2359
2418
5666
6977
10238
9055
9177
9368
5529
10982
6052
1427
2178
9959
6179
3172
8048
1736
11474
10179
10900
5052
1532
4276
3608
197
6668
7661
1712
6311
5316
7808
2899
1853
3565
9430
2745
1551
7706
5872
10811
11426
6537
6066
10475
10854
9069
8246
1992
899
573
8133
8345
8023
7048
8454
9040
11324
7161
2273
4827
11701
1213
2675
7244
9858
9551
5171
11235
8613
5942
2693
517
1913
102
5603
11008
2876
4659
4341
4435
191
2189
11185
4879
1463
11754
10254
3801
11607
4324
8877
10318
11927
1111
7781
1751
6646
798
6455
639
10034
4375
2943
7741
8062
3552
9657
8710
8945
9945
7565
11022
7099
1359
1124
9673
8439
1537
10668
9813
3135
10630
7164
10477
7707
11112
5109
9364
7264
11027
6945
1933
483
256
6921
10504
191
10436
4245
9826
7553
1436
2579
6918
11845
1443
5423
6946
794
4771
8195
5937
4520
6149
6051
11164
9030
1354
7832
2986
4621
11246
25
3988
6154
4826
1696
1538
6554
11704
7683
7905
4072
3999
9032
4928
6147
9102
10960
8825
6083
4621
3704
132
1127
4926
8387
3869
9194
1852
11420
4946
9545
2044
2586
4866
7010
6559
5281
7267
9013
126
8289
2649
10034
9333
11575
9540
2237
5694
4659
6630
2108
1537
3683
6596
7729
7942
6629
4903
10453
9981
2330
4058
4527
511
5518
10135
2105
8546
9680
2186
7605
4506
2874
8033
2627
1581
4363
5911
269
365
1450
2620
10453
3207
1449
2927
5374
5266
10685
1313
4588
9019
11584
8019
11157
10730
7189
4170
6291
3612
3474
6893
7814
6567
10267
10664
6227
7324
5756
8140
3558
4034
10884
3330
2458
10528
11635
388
5436
1878
9350
8751
5083
2320
3889
3450
2453
5700
10174
5979
3114
531
1271
10914
11090
3486
5232
6933
11551
733
1455
5590
9393
11708
5821
8015
10256
6740
4169
960
9542
2215
9156
6973
9277
8495
870
4122
5006
6763
5811
6691
11849
8674
9137
7183
493
11710
10570
3781
11855
2465
5129
4498
11253
2103
11142
1146
11483
6288
9719
1984
10879
11909
9560
10327
8935
10011
7557
5024
10976
2341
8345
9528
11008
2724
600
5912
5287
11485
9496
5975
4481
5579
1276
9156
4744
10685
5310
6914
2378
3430
7817
10341
10418
7062
7565
687
1830
11342
5434
11237
59
1128
7238
10039
1903
8291
5866
9667
7442
3945
51
8533
2426
7488
4205
6519
11840
4994
2904
1037
7990
6906
11411
5470
8998
7887
7903
5999
6513
6688
1675
10448
2046
6251
3156
1310
6622
2780
11760
8921
9694
5616
8683
10267
1595
3260
8061
7198
1799
7319
4909
9664
4785
11716
2370
52
3708
6380
9556
8462
10768
7445
2330
7430
11846
8031
4168
8527
4827
11501
6740
4319
4128
5976
4082
11228
9254
3713
5818
4927
8048
8617
11775
6008
8762
11741
4382
1545
6750
4832
9426
3411
8100
6001
6127
4379
9240
2523
8250
11848
8537
133
6428
5162
11852
7377
8242
3150
9267
9769
1369
8554
1464
1925
7256
8414
807
11802
5836
7245
736
8509
9512
4649
719
11707
1650
329
11093
7843
9186
2059
6494
218
10136
7013
5665
303
5849
2396
7016
561
7970
10563
8996
1768
1710
4295
3209
11740
3972
10945
9708
2698
7584
1479
3805
6608
2662
10331
10922
10282
3102
667
5418
4265
1095
10622
1198
6646
4279
1576
897
10205
5586
3584
8970
10518
942
9023
9549
5667
7001
5747
7835
11770
3357
6711
971
9772
11082
3457
9537
4733
2264
3710
7324
2981
3188
10313
567
5780
335
622
6329
9781
5109
7346
4840
8950
9683
4757
2583
10458
2882
10476
6589
2344
2931
4654
6781
7858
7067
5519
9185
11404
1929
10934
11724
10855
560
8387
9466
4768
11790
7291
2621
3914
9578
5571
6222
9192
8467
9529
7284
1433
7023
1766
3596
2259
11964
3462
6123
4907
5646
8066
1386
7402
3420
10974
3277
7273
9182
11960
8289
8891
7824
6796
9852
8278
3378
3642
540
9126
5417
8758
7608
8310
4101
6840
8874
8742
3534
8704
3827
2502
1561
4172
8740
3964
873
11774
3076
4870
9911
902
6342
4330
11294
4289
74
5430
5987
4066
6415
9590
5995
5985
10554
11306
6731
1835
184
1641
7270
8051
1053
9643
10178
4972
4585
7128
4766
7135
1111
4859
6334
9250
8156
6382
5820
11530
314
6259
10580
11289
4576
3234
8267
588
716
283
5906
11364
5555
4738
11118
3665
4817
8786
754
3962
1511
7354
11184
6990
10030
6639
374
4225
1931
4949
8651
2538
4517
6309
10322
6975
1276
5354
5242
5820
11212
639
11528
10462
1420
9368
6994
6745
9963
125
2858
9221
5311
7613
10625
6571
7926
3132
3593
4215
6829
11973
9717
861
2542
4278
3172
3050
11270
9348
10387
10929
3886
1021
11477
9277
2061
613
11547
455
3223
9378
2256
358
2070
9816
4339
8675
7525
2265
5973
11470
8614
629
6389
5643
4563
5863
10053
11698
9892
6769
7164
9405
9875
6549
10143
140
11272
7298
2819
8469
2474
291
2521
4137
11924
10194
6267
8825
9731
3284
4387
3782
6683
3694
6784
11929
2950
7172
11102
5414
808
4406
6175
4116
10200
9561
10453
11260
10313
9489
1381
11477
10100
2630
3946
7115
7966
2385
3563
4011
10723
11624
11177
2507
1177
11821
10692
10991
11757
7338
1912
8186
8165
8178
1910
2863
3373
11542
9317
7060
7382
9216
5041
10415
5691
10151
1019
7775
8434
4240
5187
5843
3201
340
4218
8551
585
7001
8434
903
9489
696
2882
2265
7626
8196
10747
483
847
7393
6752
9623
4348
5729
702
11441
7446
812
9748
2086
3569
5582
9360
8050
3480
11605
5770
4084
2114
7758
11278
6239
11192
6442
1674
3866
529
10903
3059
1285
415
5582
293
6779
8863
629
8824
10891
5890
2950
4181
5661
2238
3815
10678
10106
6788
5881
3095
2609
2343
323
9853
7341
3685
3106
2014
2996
2518
2735
6071
5837
7021
980
3158
1445
10771
7645
9328
9556
4102
3583
6490
2872
6464
9441
6356
9961
8545
11284
7522
4231
10581
4291
113
7523
1296
10832
3251
3391
3603
10241
7172
7609
5589
5770
4386
3181
11760
7878
4918
7487
3618
11079
5003
3172
10140
10623
11664
11803
3651
768
9340
2026
8513
8108
9718
184
8180
1384
1851
10578
1420
10472
10889
9401
8585
7130
730
8188
8261
587
4607
9242
432
639
10092
4091
9231
10127
5788
2504
1958
2608
10175
6168
10876
3059
3700
8225
10659
8090
6683
2395
4133
7082
8432
672
10336
2842
6927
8271
10923
7722
11700
2746
4199
8080
6821
489
4303
10266
7715
6273
6984
10692
8436
2464
4577
8441
7904
11914
7183
757
10721
2658
3105
11589
8643
6791
8659
7116
6703
10024
3530
8348
2178
11775
8912
10014
636
5719
3913
1410
5997
10201
8897
10882
7764
11675
11460
3262
2348
9050
997
4385
9780
10411
4294
695
6883
1391
4399
8288
9044
3974
6769
1281
2585
10881
2916
8622
10145
6907
5571
11592
2811
5385
3623
7453
4897
4366
5924
10637
11119
9232
5464
6845
707
6926
11909
10897
8849
9685
9109
9823
5066
2132
9030
10040
10175
6208
7498
8036
10336
6900
8471
7834
996
10125
7189
10147
3289
10175
6123
2898
7425
5820
8380
10650
802
7940
8452
6548
8047
9366
11344
8437
6148
1509
3848
2784
4278
4142
8061
8437
1911
336
4734
6267
4289
10771
1171
2294
3806
6492
11189
3692
8694
2951
10862
10773
6982
4006
10730
3824
1093
2601
3208
5183
6666
10945
11617
11227
8482
4184
7527
2937
7593
370
6574
4883
7164
10143
9084
4830
6005
6651
6801
7078
1181
8243
9926
5806
10792
7438
9163
8273
4671
8377
4708
11855
10892
4847
6297
8967
11492
2838
2806
11609
9897
2302
4400
5090
10819
519
11057
6912
8140
9182
4214
6425
142
8031
5841
6211
1151
6279
5679
5245
11567
4009
4911
6779
1588
9915
5419
9071
1969
5165
5011
10736
10603
1566
9366
4982
4230
9149
3798
11333
4372
7697
10953
4580
7787
7155
1590
6243
10951
1827
10623
4315
1450
2435
2827
11017
1867
1533
953
1896
5617
11772
4946
3053
3149
4897
11570
11219
6518
4614
1731
1968
6093
715
9173
476
7632
9221
4068
11590
502
10836
2535
8303
525
9037
6210
5962
11316
9820
4088
8301
11043
9323
5374
1691
1622
9120
2417
7447
2795
6339
258
2861
5549
7229
1823
4998
4752
6943
5393
4348
6754
5903
8458
5820
1189
723
4565
11488
5863
9444
4259
4003
4878
1583
4078
7402
1568
6334
5864
4078
5473
1420
10263
1260
5094
983
10602
47
5492
5774
6507
7559
3424
4238
2707
5640
2127
3283
8481
8246
713
4317
6084
420
9730
4694
7289
4723
5268
3770
7222
11799
8620
2277
3569
3829
7651
6469
2844
1214
8032
8654
8049
6825
5676
9673
10147
7841
6215
7301
11042
2575
5744
4597
5926
11408
3837
3239
8656
10032
6540
1343
7116
6502
6830
8571
1621
11685
5478
549
6456
4060
10883
11012
1463
7887
3352
153
1614
1054
10578
819
4524
5640
1070
945
8994
2988
8773
6134
2733
6554
7197
1814
8568
11307
5471
11616
4939
7248
5322
5858
9362
4488
6330
8067
8611
4391
10482
8451
8594
5435
9366
1643
6336
2912
4917
30
7292
2604
8109
11171
11999
3257
3223
2653
5539
2445
10491
4147
6335
6246
5256
6383
2204
7970
5714
6848
6735
371
6105
4665
101
7418
7153
10698
10601
346
5670
11641
3645
10002
3635
9932
1647
7450
8135
2567
1961
10707
1327
11339
1729
9823
3774
9592
10481
8996
11325
3496
2052
164
4742
747
3246
8036
11816
1023
2506
7801
3753
7951
3047
7224
6403
6468
7754
2666
6338
2566
3669
2472
4741
728
10939
9800
10895
511
7342
4619
6764
10928
4832
3666
11290
10752
750
9648
11294
5034
6270
9645
297
25
8977
10628
5193
11793
11023
6427
6959
998
8433
9817
1293
2167
6547
2024
6573
3472
11955
4989
1898
9307
849
2668
4468
11190
2498
9622
417
8081
4856
3636
4747
704
1389
7421
11454
3726
10116
10012
4527
4786
6795
1875
4304
4643
8198
753
4018
5879
8521
3215
3052
9222
9820
7504
2188
10893
2459
7174
2674
9909
8626
9048
3058
10112
2703
4407
4154
11518
8540
8300
7424
1388
1295
2089
7888
5482
9374
11734
6371
259
113
7741
5525
278
10979
6915
4178
11595
11835
2404
1782
3712
1789
5022
10873
5181
7816
1806
1857
1139
3083
7613
8220
3778
500
1615
858
10862
10028
9504
4591
7357
9639
11010
6366
10066
4604
3462
10462
1481
7108
5733
2504
11806
832
7107
9251
6293
6249
9638
5196
5341
4951
4061
550
11755
11144
10625
3883
4061
8582
7294
10334
6221
2810
7680
8582
11175
1090
7959
11710
1807
9212
7675
5847
1508
9231
3417
954
6276
8591
10411
7958
6801
4260
4554
5299
3914
11011
3131
10058
9543
1997
968
2738
6296
5664
4983
6843
5999
8467
4757
4263
9500
7934
8391
4138
9070
1527
1256
7881
7842
11010
2177
4070
4253
8751
10897
8042
5113
3506
7572
9136
3821
6993
2802
6613
284
527
6506
1047
7054
558
1563
8351
2499
361
4813
10031
9481
11805
797
4416
8330
8751
5944
5966
1482
10670
3636
5512
11517
10062
11070
7988
5197
4936
48
7440
7308
11001
536
10810
4068
9518
8050
5340
8107
7494
9412
7079
6749
6043
3932
4302
11237
4941
7129
7678
1657
1543
8982
10888
9195
3438
9440
6881
2957
5248
11216
11697
7872
1396
2630
8866
11661
2458
6308
4621
5673
6861
10822
11330
5343
1462
5610
6744
9895
10728
4401
820
4383
489
1649
8831
8082
1309
2446
108
10968
10273
2987
11309
9804
1181
1667
3529
364
2450
7458
4595
10899
9496
11344
9654
6403
654
11111
10675
9088
8871
11576
11862
9898
769
11705
6428
9368
615
5043
8159
7767
11511
1262
6673
6421
6503
8120
8737
8902
933
7291
11291
1382
2147
10021
3177
7865
580
4372
6439
8626
11542
5283
2216
7081
11537
7773
8081
246
2973
5779
10534
11250
11428
1055
6750
7047
5633
11326
3873
4534
4287
2276
9275
3908
5179
8539
2185
8115
8330
7878
4202
3616
11938
8960
6030
467
9963
9623
398
706
6348
10417
8850
6616
8776
9554
1414
2249
2566
3938
2258
1320
6983
3340
4002
10581
9633
6139
88
1139
1149
1209
8878
2120
1007
1671
6654
2594
2476
4400
456
5694
3383
6805
783
93
6737
8026
10995
10650
9931
4893
3760
9484
9799
7546
1685
10074
2244
5351
4632
10235
6305
2744
884
4080
4450
7119
58
3982
9220
11866
11590
8831
2259
1167
7215
7690
3055
7712
8902
10131
4068
8329
2021
5483
2537
7263
7106
6883
8518
2066
6107
2479
11184
8622
11968
2733
6227
6086
7814
296
1221
11463
83
9213
1119
4729
6497
6306
645
2359
4479
2325
8157
9496
5997
5968
9741
9370
3210
8548
11504
8201
1424
6974
8519
8534
10311
7284
8618
1362
11662
6801
752
5965
6936
7923
3084
5448
8244
6751
10813
9657
4455
251
5
8747
8116
3166
11404
4236
6840
2237
11366
6028
1386
11377
10735
2342
6218
8212
985
8151
1491
4491
10690
1328
3613
3760
1384
2197
8879
8424
10068
1983
7326
8027
5546
7150
3167
8832
49
8027
5585
3584
7276
1574
5162
3183
6490
3057
11354
2174
4126
7194
3519
10598
5148
11517
1467
5007
7424
3775
9601
7099
8136
2179
5013
4936
4569
5562
11
10800
7416
2119
6341
3992
10731
25
9656
1961
10990
8784
2176
105
4441
11766
4943
6443
4675
2576
4852
11337
978
3625
9349
214
2147
3983
3652
1439
5071
11042
4161
5821
8634
4454
10226
3565
1471
3525
427
6154
5836
7636
7779
11452
11681
8704
11599
280
5146
568
11603
11749
10478
3786
1565
22
1465
3538
6433
11824
5967
1907
2844
10103
7313
8054
2256
2509
2533
11791
542
8762
5456
11208
7194
11071
6931
9179
2513
4732
5025
823
7659
630
5224
2139
9667
1366
57
4647
11843
9285
8015
9077
10992
227
4174
193
3084
7543
533
9131
10508
953
3830
473
1865
1826
10995
2595
10557
6593
7678
9625
10440
1580
7622
7639
8141
6683
6557
2583
1675
7150
1652
80
2896
5805
10470
8432
741
11534
3988
1310
1577
1258
4370
7392
6940
10475
2877
4510
8148
7219
11318
1671
1131
4553
10869
10031
6042
6044
9444
6313
3065
3498
10482
6237
8645
529
8547
8566
7630
3864
6851
6546
4524
2907
11855
2765
4098
10314
11647
10023
9524
4533
5852
5834
8196
3559
9208
9952
9220
9881
9576
11565
1818
214
2729
6841
3955
1242
1580
8942
3575
2021
9821
10976
7692
10048
1335
10675
2844
11141
2655
6991
10337
10993
6736
6982
11944
3966
1078
10819
9662
7638
11414
3065
10995
3089
8805
8950
2577
6493
5360
4552
3160
9109
1762
3762
7740
11005
4127
9863
4716
11320
5414
6423
4938
220
166
2444
326
3903
9801
508
10094
7253
6315
1807
4177
10128
1607
3743
7194
8776
5542
10126
7748
6910
8128
9909
685
2083
1939
742
4925
10114
5776
7184
4830
11501
1939
38
8240
9917
2409
11623
9637
1522
416
696
3980
5762
462
2630
2770
1838
7411
10028
9369
3692
7650
10734
2475
11705
10501
4701
5328
3497
6927
11549
10131
6139
11942
5520
7147
10069
6425
9503
1684
5096
8260
2445
8495
2833
2465
8975
1747
8561
4498
5218
1510
9025
6505
8800
6146
1052
10515
3836
5788
4247
483
6909
6751
4433
7973
7454
7130
1137
1594
1015
7594
11461
536
9569
2360
7862
6314
11486
2890
6547
6046
2815
4926
594
7500
8213
5877
875
1746
1773
4534
264
11783
1097
2372
8706
10614
8732
1401
971
10003
8462
8127
1646
9124
2163
505
6386
4354
3153
1138
10405
11895
9490
642
5443
3369
2295
1490
9919
7741
4097
10139
5033
8241
11867
10
7533
2357
3805
7406
495
11486
4851
1174
5339
8075
3896
9928
1766
5738
8479
2413
7464
1935
8135
4875
4265
11833
6280
615
4431
7995
9121
8992
3840
11559
4331
11756
56
11425
6278
11326
11602
2929
1418
1079
1449
8700
4774
7570
11717
1461
3844
9165
7712
2207
8442
2721
3654
23
538
2670
6490
6361
7363
5754
9222
2371
5445
11478
7316
9298
2364
10987
1184
5629
11566
7315
9974
7159
9901
6439
4806
4366
6715
8120
9916
9590
5584
9424
2956
8044
7386
8242
832
7897
11628
3590
8456
7094
9497
3424
7675
5207
5453
3253
9193
2900
856
3844
5805
10984
5979
4042
6944
5650
4047
1166
315
5547
9078
10277
6768
7276
1334
9310
9244
918
3535
5258
10621
8118
10848
6199
2817
3709
2887
4313
8834
3374
1945
10439
9059
8996
8555
8027
8938
3572
6095
9887
9137
2505
5137
9618
10504
10925
6962
7204
2409
2096
5682
7060
3218
187
2145
4520
8269
3248
4267
1502
6664
10565
9244
2228
4258
4437
5779
3585
6675
2186
7275
3679
820
6218
8640
6033
11747
11583
2530
10459
7122
4303
591
8551
3264
9981
8351
9288
11610
5495
9677
4480
6178
6942
193
7668
10663
6798
6907
4124
5248
8903
9261
4104
11683
11172
4193
3710
2536
4424
7485
11988
6685
446
8543
1740
9243
4811
7358
482
1944
6104
8845
10432
11464
7578
9048
8268
2683
11560
8543
5367
3442
2064
11959
9930
11519
644
11963
11366
8672
4979
4387
2414
11286
5084
7500
2798
1757
9580
5022
33
9967
4115
6813
1188
956
2808
6066
9838
6822
2354
4265
5199
9067
3972
2170
3810
8923
10714
5651
3530
5145
7603
4056
9341
7356
9427
11085
8362
5699
6265
3260
4065
10750
4338
6216
274
3584
10160
1768
3625
2084
3369
1493
9556
7883
1175
6121
6664
4662
459
8754
10098
6012
10516
8848
11291
6833
7081
2448
11874
2663
9798
1625
6767
2753
8328
11518
7702
6990
8830
3735
7123
4775
8259
5608
8492
2134
2482
6733
7912
525
698
1024
786
10543
7859
7021
8591
2583
8052
3568
4502
6388
7696
11928
4047
329
6213
5023
197
3697
11567
9684
1244
11659
10611
699
2956
7772
10712
8329
8930
193
11271
10537
1174
10719
2143
6883
7272
2490
3520
4160
7958
2778
11969
8550
276
11846
7439
9947
9975
7827
7095
1214
1643
9860
5935
4167
7692
4059
6666
8980
7866
500
6544
4924
7361
2710
8669
4238
6690
3899
105
2445
10674
2616
9801
1588
1701
2863
7270
2515
1260
3866
10011
10353
4201
8005
7078
2112
8436
6132
5992
1681
11895
7956
5554
9724
232
1089
9723
8924
6765
11152
2549
6196
1380
7818
715
33
2325
11970
6973
2002
11817
7740
8823
5303
7016
10404
7170
1048
8742
6898
9246
5490
1865
5515
4463
5625
11686
5311
3635
2863
1854
7815
9218
10351
237
8184
796
2221
325
11687
230
5673
8647
4513
6285
11990
5295
10249
10890
11157
11257
810
7337
8688
516
8745
3601
2487
8979
3124
8706
11663
7191
5656
693
5104
5042
635
6910
9250
6932
6985
1236
8426
1803
10391
9573
3087
2759
2826
10075
508
1442
682
3320
100
7305
9487
8509
244
4964
40
7406
8452
11008
4038
9050
2079
3273
4334
8807
5685
11512
4796
693
3037
2550
1678
2862
11278
6577
3947
9596
2312
5052
4803
9313
3331
7697
2438
8355
6182
9593
5464
8318
9315
322
10340
11822
11125
7726
9206
6876
6126
9307
8461
8295
6933
9757
8193
7796
5425
4186
8116
10545
2122
6422
7439
10385
7170
5055
4449
9582
8746
3754
6126
11931
959
8400
6378
5809
6635
10706
10805
7161
3539
130
1240
10160
10512
3090
7156
11871
8490
9019
11381
9053
2483
8357
10385
11550
2769
11140
4488
10923
11868
1259
4584
2336
5927
1416
1648
2540
9178
2916
11822
4520
11603
4915
8808
11373
2753
10632
1384
11484
5137
10599
1211
11048
7375
7724
5907
9266
3743
7084
1346
4561
6920
748
8607
9793
8720
5117
3047
7869
3008
4117
7468
8555
7425
8514
9600
9186
2370
5129
4586
11981
7078
451
1816
1689
2324
1906
8739
10038
6430
1432
9380
4983
3807
5886
5785
10936
991
9726
3145
4458
3494
175
9492
6930
138
3383
9917
3759
5165
8022
6970
10803
10570
11742
2924
8783
1896
9701
3610
10483
6454
8322
7600
9368
2455
2380
9004
6044
3908
11962
10871
6100
8432
4537
3318
1937
2626
6140
11706
3276
8503
6931
1182
5069
10583
3577
2200
2699
9400
10952
5536
8780
8548
9233
9051
5947
2187
2858
10051
8157
5200
7424
8047
11513
7425
9422
1052
11628
4039
4257
2497
7982
8256
1487
977
8046
10950
3574
11387
10250
1498
11382
1029
5725
10048
4222
4315
9894
7359
7478
5047
3478
9486
6571
897
5546
4370
1446
1271
2130
11620
2514
891
6114
10119
1095
2565
9792
7206
9707
5348
517
2674
11392
1116
6263
11324
2888
7785
3729
1650
1916
10628
8713
3718
1080
6648
3840
11260
5004
405
10579
9754
1935
5605
9707
2771
142
7938
10816
4160
6034
10674
10860
5585
9592
10848
10634
836
9782
3427
1137
11834
1283
3279
6872
448
4972
4061
6442
6142
7772
5514
9602
6808
1384
3777
1203
9549
9423
4232
5431
641
3461
4245
9417
6640
11395
5378
2278
7256
9959
3951
2453
8232
11837
5946
7730
760
9274
5959
5487
5957
8990
10940
3509
11182
3637
5583
9453
4170
6387
4120
6810
5259
1991
8171
10200
3741
5861
6673
3392
8994
705
10841
4329
10901
11881
2229
9372
4563
2630
7959
9830
4780
9440
5466
9062
9793
2606
4750
1484
1379
6694
4451
6428
3192
5188
11246
10062
4979
6219
9413
6737
11881
770
10692
10864
1200
10152
11232
1775
1073
8349
165
987
2406
2839
6086
1221
10504
1787
9649
2411
2410
3851
11422
4314
7092
3697
5128
5709
10107
2372
2010
7903
386
6070
6753
1114
6683
6586
5712
8998
1973
10705
447
2022
11969
9058
2302
3295
5763
6006
6768
4777
6955
7938
10764
4161
10062
365
8118
4171
3389
8389
10319
5672
2523
6481
9248
4680
3916
9889
9784
1269
6785
992
1575
11279
7856
3526
11029
852
5285
7012
11862
9625
4081
5527
6803
773
6604
7177
2864
4490
7901
4045
2009
4938
8018
11838
10995
3497
10760
3538
11787
4006
10480
8403
10141
8904
2167
4300
3260
2788
7459
4698
7288
2371
3313
10411
9713
7129
1020
3941
1507
3755
2543
8725
10289
6735
5246
6088
7714
2642
10368
8323
3611
10695
3722
2815
6666
4071
628
10097
1344
6014
10280
1357
11832
4971
8253
7791
7220
5499
4889
8626
5862
163
205
1797
11139
10909
5659
4838
1288
11336
106
6145
6891
3180
7074
3919
6295
11430
5279
7860
439
9921
2527
7147
3906
8526
11882
5430
8646
6462
3514
3811
1804
11721
4371
1691
11210
368
7527
7815
5252
35
5968
10555
6915
606
3220
4586
7450
6454
5570
3394
5266
11981
5086
10727
4949
11169
7777
4602
21
10312
11583
6101
7432
8403
10067
2066
9621
320
4405
8537
3277
365
4133
3245
9958
8501
3292
10102
1358
10282
9327
1564
8694
2379
7137
5384
68
10723
5488
897
10283
3414
6897
1848
10074
11794
5572
4344
2449
11514
4379
8790
3965
7098
8285
2941
9284
230
574
10261
10340
8088
9457
2663
4384
10382
1871
3902
4540
4839
5969
10070
3192
7414
4082
7366
10591
1583
10614
10766
3306
2330
2704
8139
6710
5461
8215
10854
4915
10421
11293
10092
2308
666
3055
10120
9123
9891
7542
11560
11406
3992
9326
8854
10927
3277
2224
545
2708
5672
1822
3906
11034
99
3997
995
4278
1709
1776
4129
7247
935
1823
1291
9451
6232
9426
1839
1987
1832
5721
3043
11556
3535
11697
4117
10784
4582
8760
1382
7934
862
2934
752
1763
2657
6097
6910
8173
6896
7765
7916
11824
8169
6819
4290
7284
5381
11284
9291
6136
10617
8873
5189
1521
5989
7696
9672
11714
1094
5164
2257
5792
10535
11495
9257
618
5286
9053
5007
5495
343
5552
9656
4150
1529
9643
7189
6157
9757
8915
1472
2922
2701
3202
7392
39
1011
3657
11582
3512
4013
7362
9735
450
5040
5911
9543
11609
8970
11587
7818
1330
11525
1968
6460
3930
8477
4902
684
10702
3695
7594
341
11766
5814
5523
5010
11760
1117
6910
9526
9665
8116
8360
3018
4321
4614
1668
574
11443
1417
8265
7405
11114
7729
6457
775
11504
4263
5172
4059
1556
3630
2654
5684
1398
6295
1872
11242
11204
6950
4629
4718
9339
2065
430
2542
11316
7194
1017
1293
10185
2444
6417
10554
2825
7584
8403
4180
5293
1341
7802
1130
11202
9377
7605
1516
9772
4631
5251
11821
1277
5675
9184
2932
6863
4969
11918
7229
2916
1530
2041
1378
11035
5572
7768
1682
6081
6840
4903
11539
9836
6352
1480
4336
1005
3949
5152
9560
10912
11554
3390
2656
5278
2779
10442
10705
5400
655
3484
5461
1553
8221
1723
3545
1916
120
9401
8621
746
6853
238
1767
5341
4675
5275
7133
1733
1223
4968
11041
2442
8989
6741
758
1915
666
5626
10639
3567
3419
2805
7402
7302
7168
4880
4861
2586
2056
751
11706
1545
6618
6839
8664
5199
3144
8571
11852
1752
3265
10037
3270
9837
1063
5388
1027
120
10228
4927
9739
7410
11826
3143
9393
10979
8792
358
9600
3292
5766
2119
6904
2447
2484
1391
4177
5483
11241
5806
11914
3144
3159
10857
2053
340
1827
7294
944
10678
5496
1579
9615
1189
5324
6303
11547
343
5194
11349
10627
6944
5418
8754
11962
10039
3553
7938
7301
1334
1566
2171
9796
8777
6445
3100
9523
186
6434
1604
7112
2220
2170
9558
4480
11995
5701
6134
4805
1182
2335
4562
1913
208
6043
8311
10207
3557
3997
11037
9548
11442
4897
1571
6878
1870
10354
4994
10419
7040
7006
8795
331
1311
6374
6151
4868
8093
1381
8438
10218
7240
5513
415
5226
1362
10998
2625
8934
2802
7060
11635
11580
8875
8271
2923
1848
502
3022
10033
5772
11121
6735
1959
1141
7551
5533
349
7915
8318
10353
5338
11150
1299
8781
3731
9343
9349
8796
1770
2757
4645
2269
8988
2883
9941
70
8225
6655
6827
8223
1206
9949
7234
1148
4858
2038
2969
11799
8874
5354
6303
11997
10890
5972
2607
954
2634
540
4224
3746
5878
4931
7016
4509
2965
469
8964
7352
4354
4545
10413
3749
1214
3450
1037
2843
2492
1538
11728
10075
6178
3171
3709
5970
2737
8573
11680
388
2012
7106
219
3919
9041
5291
774
9365
4595
5658
4629
7934
5589
10597
2127
6259
6037
7806
2483
3333
3618
4634
8211
1510
8682
7402
5573
9213
7624
964
354
7185
7946
4394
1532
10972
202
11890
6580
2048
7425
10233
5613
4076
4764
5109
9884
2057
3850
385
11275
5656
6119
7862
5063
2323
2372
10546
6469
6522
8004
7195
8705
9543
4347
511
9358
3721
8762
11386
8087
224
9587
8807
2271
7345
9571
1752
5085
5587
6107
7153
1392
3764
5912
5656
2989
4323
11119
11024
8021
6262
5453
7239
1587
11805
9676
7914
11080
10335
11032
2509
2661
11563
1789
6089
11257
6049
9259
10785
11316
3984
3309
727
618
5901
4295
5319
11141
3310
9731
7867
8331
1229
1182
8607
4163
9620
10976
10561
5402
1713
5541
9240
2346
9027
6427
4553
410
7697
8440
2705
9960
1213
4503
371
9445
7535
6140
10717
2219
4875
11393
8172
557
8318
8260
5501
7673
9847
5288
5780
9211
8666
5464
2256
5631
4059
6482
4539
2851
5840
7426
8315
7918
1360
5619
10535
8930
8273
3151
5771
2708
7213
11413
973
6708
7818
6307
11710
3728
9139
449
11628
4408
9526
3357
11929
9918
11580
8170
9171
7485
3029
4961
6963
10661
9305
11
246
10628
948
3411
8193
5703
7388
1505
6213
9295
8134
10109
2703
2063
1562
524
419
3962
29
5280
3811
318
8063
1217
3905
5061
11259
5579
6104
2784
2423
7350
7634
2008
1934
4884
9078
3689
3642
1889
4759
11427
7787
2633
5793
11169
9024
11578
10014
7183
5770
6754
3741
9624
10374
11796
11513
10900
11574
935
875
70
5989
10397
7537
5521
7007
11918
4405
11357
5859
7514
7643
10064
10435
5541
10410
5565
9709
7125
8185
3604
2325
1689
4875
4145
5071
2342
9981
8300
9769
5130
7768
7980
8039
5279
4788
5009
8723
1339
9760
5351
7442
3280
6359
2569
6827
11362
7546
2277
2837
246
800
8684
1781
5551
638
5943
10892
8003
11226
6119
1456
9543
2315
6398
8421
4334
11961
1901
10910
1197
372
10997
3279
2328
10251
4744
7010
1850
10812
9482
10177
2425
5628
1387
331
10003
10052
3554
11132
11988
3677
2270
10070
7374
95
939
1909
4340
8249
7988
826
914
3307
5293
4570
2868
11976
2029
8576
7148
5448
6854
247
8799
8336
4313
11030
6245
5145
8640
2125
316
11819
10653
8024
4585
8535
2722
5035
7024
7063
8284
9329
9664
8785
6597
8852
11926
10137
3082
10066
11588
11898
2053
5816
2096
6979
9865
97
6733
10730
836
11738
11151
9412
5020
9967
4560
2029
6848
8709
5366
9201
4024
1813
631
2766
11053
6595
10252
7028
9008
3312
8274
232
723
3532
4651
9164
8826
2040
7748
7503
2811
8324
11857
958
7098
8104
5505
6446
1272
6825
11157
9412
11415
7633
3911
6494
4006
2046
9942
10435
7867
6361
4162
8650
3799
5751
1950
9725
6196
7284
669
10277
9861
5338
10618
2500
5322
2643
7980
9470
4019
2379
3107
2041
7154
859
4068
6990
8754
3740
658
8772
5785
2398
2217
8574
11022
4018
9271
10576
980
7384
10863
1245
6290
8410
2253
1454
5809
6167
7038
7494
10271
6001
8475
3122
5544
4339
250
10362
795
8017
4720
3774
2531
3243
1496
5666
998
188
9863
2176
6326
11638
9424
11087
8982
10918
7368
2227
3044
11692
3730
11296
1026
7430
2376
8367
9003
10611
10265
7293
8915
9450
919
3147
516
10564
7007
11981
2422
4513
6704
7460
5893
1154
2997
7653
11293
10076
8462
7018
9858
8019
11835
2768
1060
2583
4305
2641
3839
7504
11996
11970
9767
555
6583
7071
2536
8848
7701
3039
3376
6472
7163
2959
5048
3400
596
9990
3935
6970
7087
4885
8068
711
6873
8215
4558
10675
8904
6433
2503
11202
6964
242
3789
9990
8094
2220
6935
4762
2998
10964
8074
1673
11879
9418
11819
7266
2515
3897
2375
7260
2377
1657
11929
6148
8797
10571
5482
6645
11058
9958
4218
10628
1373
6161
11494
7712
9928
1786
2140
5461
197
777
7380
7628
7578
5137
8396
3703
6087
11367
1709
2098
7597
1827
1497
11911
3127
1766
11879
11095
2317
110
169
8804
4063
11147
8350
1840
10
8057
6607
4520
5533
11568
10034
10507
1059
6578
7000
3003
1668
3075
2612
9286
4205
3152
1067
9960
862
2701
7559
10700
9937
565
2833
1873
7468
7670
6652
10345
6834
305
5242
5154
11916
8407
5170
485
842
9920
10388
6915
8101
8066
7238
5571
824
6420
4503
10890
2339
2826
4324
11159
630
11362
1690
11232
7684
11547
11834
3360
1315
5771
7798
3482
1130
5492
10906
11437
4834
1122
3748
2628
2404
2896
1782
4544
9032
4251
9631
2721
8033
6225
8330
4635
10642
2730
5824
5756
5185
11120
8970
1393
3089
2600
3316
3560
370
4430
2104
10626
330
10227
3498
2493
6163
10393
4446
5393
4909
2178
83
11172
6242
10674
8725
477
2067
11426
3241
8289
807
4345
3278
11217
10719
10688
11174
4457
5115
1573
8189
8726
7405
7026
2188
6855
1074
11524
473
937
4485
9933
2125
4337
2624
933
3591
10162
6870
2912
7502
6302
11679
2828
9159
6481
1595
4688
11078
5720
10815
2466
7526
11970
3073
11288
2701
11244
7650
957
662
11116
9638
8742
6738
7800
11860
11570
6225
5047
5001
7215
3138
3921
4777
2401
3609
7647
3598
11336
128
11645
3599
1082
6616
2232
131
9321
6213
4535
5082
6602
5429
11495
8735
11575
1315
2229
4827
565
9287
9692
7605
6826
8310
11083
5580
4101
1789
2660
9838
8118
7739
3171
349
10446
7697
10263
8987
8418
1741
11878
889
11923
76
3500
10194
4368
3679
5199
5334
6510
869
6505
6316
6426
1218
2769
11253
11461
2778
10801
3919
1158
5501
862
3938
4525
2426
7765
10728
10724
3636
8196
758
4264
6494
896
1134
11524
7269
5565
8030
8186
3942
6846
10411
8304
8031
1404
7364
5255
1624
4791
5507
978
7980
8339
392
3790
10370
9013
1432
4586
622
1958
4998
7600
849
3400
10939
3207
6156
3170
640
7732
3868
9162
8668
3534
10289
5633
8409
6686
395
6560
7678
11705
6123
11210
10643
10239
9778
8294
145
11865
4069
2900
8076
2711
11406
2381
8489
5810
10655
819
3081
8596
6878
11879
10799
1670
3207
9027
11679
9612
7471
5260
6989
4075
11751
11076
6985
5280
4074
10633
5894
463
5469
9132
7674
7616
5252
1833
9101
3450
6110
11106
4579
8543
8265
7937
6155
5169
1721
8724
8181
4401
11413
7857
1995
11671
4849
134
11012
2027
11093
1753
5960
5089
1293
6468
6742
9439
1769
826
4528
8034
9835
1179
5383
10186
11681
415
1580
673
6411
9813
133
6532
5832
8913
5062
11111
8083
370
11972
5834
8479
4305
7096
679
11049
1891
11581
674
5473
11078
2957
4340
7097
6539
4471
379
5743
10849
9779
10327
9439
3524
7650
554
3599
10755
7862
10006
400
10120
9383
2920
4013
509
11809
615
4924
555
3176
6740
8675
9257
11624
910
8720
4172
5521
10856
9247
644
22
793
2841
10376
11399
5487
6054
2555
3605
5077
9570
5561
5700
11407
7614
2852
4227
11458
9177
4380
2352
564
6442
6053
9874
9479
6732
3137
3074
4693
7223
6261
1538
3187
8351
10392
1253
4404
11896
4125
3928
2263
1336
1830
6562
2128
11054
5531
3340
9447
8990
8659
1573
10098
138
8463
3290
1940
4078
8526
11382
5950
7313
6132
5418
8100
2556
5166
6987
4689
390
6720
3688
5731
596
3851
11647
458
6434
11009
7643
6054
11115
7843
6282
4461
8185
10718
8288
4399
2777
6228
9304
9474
4503
3156
8570
1877
128
1605
9337
1664
9694
2128
8691
1023
2723
2999
6624
4394
10021
3785
2596
4284
2634
1129
6056
5284
10493
5303
4255
10548
6694
5723
3609
1897
2058
5098
176
6396
9344
6163
3415
11087
8130
620
7600
1305
6162
7868
726
2436
5829
2996
9410
2925
5483
4476
1365
5777
6727
10630
7188
4832
8554
8110
10127
6920
3546
4597
4837
1221
1699
2120
4303
7780
1265
7963
3603
11072
8661
8745
11791
7966
1588
9564
7010
4639
9032
6143
7188
4678
4523
5288
10744
7546
6330
6786
11654
9657
1085
7001
5451
6618
7170
11687
11621
26
1722
5084
1295
4538
9906
2959
8792
11657
5411
11466
9788
2764
6723
1071
10716
7621
3890
10935
7264
4075
8973
6596
7211
4027
6668
4833
3063
11573
1109
10967
5366
5961
8607
5949
11809
5616
9638
9782
2206
8026
1774
8104
11100
9338
10034
8502
7429
2158
1075
6059
3112
9575
7375
7770
11303
3198
2193
8790
8162
4052
5869
3121
7354
5594
11173
6813
8057
11828
7487
10072
6397
7871
6922
7013
4613
4604
5851
9700
4634
9580
607
6849
3227
4427
7104
7920
4264
3714
6376
8265
2340
3640
3936
11813
9109
10814
307
8152
9935
5046
5745
10647
9554
4871
8707
4080
2432
2056
111
