8192
8193
2
4
5
6
7
8200
8
10
8202
8203
11
8204
12
8205
8206
8207
15
16
8209
18
8210
19
8213
21
22
24
8216
8218
27
28
8221
8223
8224
32
33
34
8226
8227
8228
36
8230
38
8231
40
8233
41
8235
44
8237
8238
46
48
50
51
8245
53
8246
55
8248
8249
8250
8251
8252
61
8253
62
8254
64
66
8259
67
8260
69
8262
73
8265
76
8270
79
80
81
84
85
8278
8279
87
8280
8281
91
92
8291
8292
8293
8294
102
8297
8299
107
8300
108
8301
109
110
8302
111
8303
8304
114
115
8307
8308
117
119
8312
121
8314
8315
8316
8317
125
8318
127
8320
8321
129
8322
130
131
8324
132
133
134
8326
136
137
8330
138
8331
140
8332
142
145
8337
8338
147
8339
8340
149
8341
8345
156
8349
8351
160
8352
161
162
8355
164
165
8357
166
168
8360
8361
171
8364
8365
8367
175
8368
8369
178
8370
8371
179
8372
8373
8374
8376
184
8377
185
8378
186
187
8381
189
190
191
8384
8385
194
8386
8387
8391
199
200
201
8394
202
203
8395
8397
206
207
208
8400
8401
8402
8404
214
8407
8408
8409
218
219
8411
8412
8415
8416
8417
227
8419
230
231
232
233
234
8427
236
8428
237
8429
8430
8431
240
8432
241
243
8435
244
8436
8437
8439
8440
249
8443
252
8446
8447
255
256
8448
8449
8450
8451
8453
8454
262
8455
266
267
268
270
271
8464
272
8465
8467
276
277
8470
8472
281
8473
8474
282
283
8475
284
8477
8478
287
8479
8480
288
8481
289
8482
293
8486
294
295
8489
297
298
8490
299
300
8492
301
8493
8494
8496
8497
305
306
8499
308
8501
309
8502
311
312
8505
314
8507
315
316
8509
317
8511
320
321
8515
8516
8517
326
8519
327
329
8522
8523
333
334
8527
8528
337
8529
339
8531
8532
341
342
8536
346
8542
350
352
8544
8545
354
356
8551
8552
361
363
364
8556
8558
366
368
8562
370
8564
374
8566
8567
375
8568
376
377
8569
8571
379
381
382
8576
385
8578
8579
388
8581
390
8582
8584
393
8586
395
8588
397
8590
398
402
8594
8597
8598
8599
8600
408
411
8604
412
413
416
418
8612
8613
8614
422
423
8615
8616
425
8617
426
8618
427
8620
8622
431
8624
432
433
435
8629
439
8632
440
442
8634
8635
443
447
448
8640
450
8642
8643
451
8644
8646
456
457
459
8655
464
8657
466
8658
8659
468
469
8662
8663
473
8666
474
8667
478
8672
480
481
8673
483
8675
8676
8677
486
487
488
489
490
8682
8683
493
8685
8688
497
8690
499
8697
8698
8702
511
8703
8704
512
8705
513
8706
515
516
518
8711
519
8713
8714
8715
523
8717
8718
526
8719
528
8721
8722
8723
532
8724
533
8725
8726
535
8727
536
8729
538
540
8732
8733
541
543
544
8736
8737
545
8738
546
8739
548
8741
8742
551
552
8744
553
554
8747
555
8748
556
8752
8754
563
8756
564
565
566
8759
8760
570
8762
8763
571
573
574
575
576
8769
577
579
8772
581
8773
582
8775
583
587
8779
588
8780
8781
590
8782
8784
594
8787
8788
597
8790
8791
600
8793
601
602
8794
604
8797
606
8798
8800
8802
8803
612
613
614
8807
617
8812
620
8813
622
8815
627
8820
8821
629
630
631
8823
632
633
8825
8826
635
636
8828
637
8829
8830
8831
639
640
641
8834
642
643
644
8837
647
648
8841
649
8842
651
652
8846
654
8849
8850
661
662
663
664
665
8857
8860
8861
8865
673
8866
674
675
8868
676
8869
678
8871
679
680
8873
683
684
686
688
689
8881
691
692
8884
8885
8886
694
8887
696
8888
697
698
8890
8891
699
700
8893
703
8896
708
8900
8902
8903
8904
712
714
715
8908
716
8909
8910
719
8912
8913
8914
723
8915
724
8917
725
726
8918
8921
730
8922
731
8923
732
733
8925
8926
735
8928
737
8930
8931
739
740
742
8934
743
744
8936
8939
748
8944
8945
754
8946
8947
755
8949
8951
760
8953
8954
763
8955
765
8957
8958
766
767
8960
768
8961
769
8962
8963
773
8966
8967
8969
779
780
8973
8974
8978
8979
8980
789
8981
8983
791
792
8985
8986
8987
799
8992
801
8994
802
805
8998
8999
808
9000
9001
9002
811
9003
812
9004
813
9005
814
815
9009
9010
819
820
9012
9013
822
823
824
9018
827
9020
9021
830
9022
831
9025
835
836
837
9029
9030
839
840
841
842
9034
9035
848
9041
850
9042
9045
854
9047
9048
857
859
9051
861
9054
9055
864
9057
866
867
868
9060
869
9061
9063
873
9065
874
9066
875
9068
877
9069
878
9070
9071
879
880
882
9074
9075
9077
886
9078
887
9080
888
9082
9084
892
893
9086
9087
9088
897
9090
9091
900
9092
901
9096
906
908
9100
912
9104
913
9106
915
9108
919
9112
9114
923
9116
924
925
926
9118
9119
9120
928
9121
9124
933
935
9127
938
939
940
9132
9133
9134
943
9136
9137
945
947
9139
9140
9142
9143
951
952
9144
953
9146
955
9147
9150
958
959
9151
9152
9153
9154
964
965
966
9159
968
9160
9161
9162
970
971
972
9166
974
975
9167
976
977
9169
9170
978
9172
9174
982
9175
983
9176
985
9177
987
9179
988
9182
9183
992
9186
996
9188
997
998
1000
9192
1002
9195
1004
1005
9198
1006
1007
9199
1008
1010
9203
1014
1015
1016
1017
1018
9211
1019
9213
1022
9214
1023
1024
1025
9218
1026
1027
1029
9222
1030
1031
9224
9225
1033
1034
9226
1035
9227
9228
1037
1038
9230
9231
1040
9232
9233
9234
9235
1045
1048
1049
1050
9242
1051
1052
1053
1054
9246
1055
1056
9249
9250
1059
1060
9253
1062
9254
9255
1064
9257
1065
1066
9258
1067
9259
9260
1069
9261
9262
1070
9263
1072
9266
1074
9267
1076
9268
1079
9272
1081
1082
9274
9275
1084
9276
1086
1087
9280
1089
9281
1090
9282
9283
1092
9285
9286
1094
9287
1095
1096
1097
9290
1099
1100
9292
1101
9294
9296
1104
9297
9298
9299
1109
9302
1111
9303
1112
9305
1114
9307
1117
9309
1118
9310
9311
1119
1120
9313
1122
9314
9315
1124
1125
9317
9318
1127
1128
9320
9321
1130
1131
9324
1132
1133
1134
9327
1137
9331
9332
1140
1142
9336
1144
1145
1146
9341
1150
9342
1151
9343
1152
9344
1153
1155
1157
9350
1158
1159
9351
9352
9353
1163
9356
1166
9358
9359
1167
9361
1169
9362
1171
9363
1172
1173
9365
9367
1177
1178
1180
9374
1184
9376
1185
9377
1186
1188
9381
1190
1191
9383
9384
9385
9388
9389
1198
1199
9392
9393
1201
9395
1203
9396
1205
1206
1207
9399
1209
9405
1213
9406
1215
1217
1218
9411
1221
9414
1223
1224
1225
9418
1227
1228
1229
1231
1232
1233
9425
9426
1234
1235
9429
1238
1240
1241
9434
1242
1243
9436
1244
1245
9437
1246
9438
9439
1247
9441
9443
1251
1252
1253
9446
1255
9448
1257
9450
9451
1259
1260
9453
1262
9455
1264
1265
1266
9459
9460
1268
1271
9463
9464
1273
9466
1274
9467
1276
9470
9471
1279
1280
9473
9476
1284
1286
9479
1287
9480
9481
1289
1291
9483
1293
1294
1297
9490
1298
9491
9493
9494
9495
1304
9496
1305
9498
1307
9499
9500
1308
9501
1309
1310
1313
9506
1315
9508
1319
9511
9512
9513
1322
9514
1323
9516
1325
1327
9519
9522
1332
9525
1333
9526
9527
9528
1336
9529
9530
9531
9532
1342
9534
9535
9536
1344
9538
9539
9541
1353
9545
1354
1355
9547
1356
1357
1358
9550
1359
1360
9553
1361
9554
1363
1365
1366
9558
1372
1374
1375
9567
9568
1378
9570
1381
1382
9574
1384
9577
1385
9578
1387
1389
9582
1392
1394
9586
1395
9588
1396
1398
9590
9591
1399
1400
1401
9594
1402
9595
9597
1406
9598
9600
1408
1409
1410
9602
9603
9604
1413
1414
9606
1415
1416
9608
9609
1418
9612
1420
9613
1422
9614
9615
9616
1425
1426
9618
1427
1428
9621
1429
9622
1431
9624
1433
1434
9627
1435
1436
1438
9631
1439
1440
9633
1442
9635
1445
9637
9639
1447
1449
1450
9643
1452
9646
9647
1458
9650
1459
1460
9653
9654
1463
9656
9657
1467
9660
1469
9662
1471
1472
9665
1473
9666
9667
1476
1477
9670
1478
1481
9673
9675
9676
1484
1485
1487
1488
9680
1489
9682
1491
9684
9685
1493
9686
1495
9687
1496
1497
1499
9692
1501
9693
9694
1503
1504
9696
1505
1506
9699
1509
1510
1511
9703
9705
9707
1515
9709
1519
1520
9712
1521
9713
9716
1525
1526
9718
1527
9719
1528
1530
9723
1534
1535
9727
1536
9730
1538
9732
1540
9733
9734
1542
1543
1544
1545
9738
9739
9740
1548
1549
9744
1552
9745
1553
9747
9748
9749
9750
1558
9751
1560
9753
1562
9755
1563
1564
9756
9758
9759
1568
9761
9762
1570
9763
1571
1573
1575
9767
9769
1578
1579
9772
1580
1581
9773
9774
1582
1583
1584
9778
1586
9779
1587
1588
1589
9781
1590
9782
9783
1591
1592
9785
1594
9787
1596
1598
1599
9791
1600
1601
9795
9796
1604
9797
1605
9800
1608
1609
1610
9803
9805
1613
9806
1616
1617
9810
1619
1620
9813
1621
1622
9814
9815
1623
9816
9817
9818
1627
9820
1629
9821
1630
1631
1633
9826
1634
9828
9829
1639
9833
1641
1642
1643
9836
1644
9837
1645
1646
9839
1647
9840
1648
1649
9842
1650
1651
9844
1653
9845
9846
1656
9848
1657
1658
9850
1659
1663
1665
1666
1667
9861
1669
1670
9862
1671
9864
9865
1673
9866
1674
1675
9868
9869
9870
1679
1680
1683
9877
9879
1687
1690
1691
1692
9885
1694
9886
9887
1696
1697
1698
1700
9893
9894
1703
1704
1705
9897
9898
1707
9900
9901
9902
9903
1711
9906
9907
1717
9910
1718
1719
9911
1720
9914
1722
9915
1723
1724
1725
9919
1731
1732
9924
1733
9925
9926
1734
1735
1736
9928
1739
1740
1741
9934
1742
9935
9936
1746
9939
1748
9940
9942
9943
1751
1752
9946
1754
1755
9948
1757
1758
1759
9951
1760
9952
1761
9954
1763
9955
9956
1765
9957
1766
1767
9960
1769
1770
9963
1771
1773
9965
1774
1775
9969
1779
9971
1780
1781
9973
1785
1786
1787
1788
9980
1789
1791
9983
1792
1794
9987
9988
9989
1797
9991
9992
1800
9993
1801
9994
9995
9996
1805
9997
1807
1809
1810
1812
1815
1817
1819
1820
1821
1825
1828
1829
1830
1832
1833
1836
1840
1842
1843
1844
1845
1846
1848
1851
1852
1854
1855
1859
1862
1865
1867
1870
1871
1872
1873
1874
1875
1876
1877
1878
1879
1883
1885
1886
1887
1888
1889
1893
1895
1902
1904
1908
1909
1910
1913
1915
1916
1925
1928
1930
1933
1937
1939
1940
1942
1945
1948
1953
1954
1955
1956
1957
1959
1960
1961
1963
1967
1968
1969
1972
1973
1976
1978
1979
1981
1982
1983
1985
1986
1989
1992
1994
2000
2004
2005
2007
2008
2009
2010
2012
2014
2017
2019
2020
2022
2025
2028
2029
2030
2037
2040
2044
2045
2046
2047
2048
2051
2054
2058
2060
2061
2062
2063
2067
2069
2071
2078
2079
2082
2084
2085
2087
2088
2089
2091
2094
2096
2098
2099
2100
2105
2107
2108
2110
2111
2113
2115
2116
2118
2119
2124
2125
2126
2128
2131
2133
2134
2137
2138
2142
2144
2145
2146
2147
2150
2151
2154
2156
2160
2162
2168
2169
2170
2172
2174
2178
2179
2180
2183
2185
2189
2190
2192
2196
2197
2199
2201
2202
2208
2209
2212
2219
2223
2225
2230
2231
2235
2236
2237
2238
2239
2242
2244
2245
2247
2248
2251
2252
2254
2256
2257
2260
2262
2266
2267
2269
2270
2271
2273
2274
2278
2286
2288
2290
2291
2292
2294
2299
2300
2301
2303
2305
2307
2309
2310
2311
2313
2314
2318
2319
2320
2321
2327
2328
2329
2331
2333
2334
2335
2337
2339
2341
2346
2347
2349
2350
2351
2352
2353
2354
2355
2356
2357
2359
2360
2362
2366
2370
2371
2372
2373
2376
2377
2378
2379
2381
2382
2385
2386
2387
2390
2392
2396
2399
2401
2403
2404
2405
2407
2408
2409
2412
2413
2415
2417
2420
2423
2424
2426
2429
2431
2432
2434
2435
2436
2440
2441
2445
2446
2448
2451
2453
2456
2458
2459
2460
2461
2462
2463
2467
2468
2470
2471
2473
2474
2475
2476
2477
2478
2480
2483
2486
2488
2489
2491
2493
2494
2497
2501
2509
2510
2513
2517
2518
2521
2524
2526
2529
2530
2531
2532
2533
2537
2538
2540
2541
2545
2546
2548
2552
2556
2557
2558
2560
2565
2566
2567
2569
2572
2573
2577
2578
2581
2582
2584
2590
2591
2592
2596
2597
2599
2603
2605
2610
2612
2614
2615
2616
2617
2618
2619
2621
2622
2625
2626
2627
2629
2630
2632
2633
2634
2636
2637
2638
2639
2641
2643
2644
2647
2650
2653
2654
2657
2665
2666
2667
2668
2669
2671
2672
2673
2674
2679
2680
2682
2686
2687
2689
2694
2696
2697
2699
2700
2701
2703
2704
2705
2706
2708
2709
2711
2712
2714
2716
2718
2719
2722
2725
2726
2729
2731
2732
2735
2737
2739
2740
2743
2744
2745
2751
2753
2756
2760
2763
2764
2766
2768
2769
2770
2771
2772
2773
2777
2778
2780
2781
2782
2784
2787
2789
2790
2793
2795
2797
2798
2802
2803
2807
2808
2811
2814
2815
2816
2818
2820
2822
2826
2827
2834
2835
2838
2839
2840
2842
2843
2844
2846
2847
2848
2849
2851
2852
2854
2855
2856
2859
2860
2861
2862
2868
2869
2870
2871
2872
2874
2876
2877
2878
2879
2881
2884
2885
2886
2887
2889
2890
2891
2894
2895
2896
2897
2898
2901
2905
2906
2908
2909
2912
2915
2916
2917
2918
2919
2921
2924
2925
2926
2929
2931
2934
2935
2936
2937
2938
2940
2941
2943
2951
2952
2953
2954
2955
2957
2959
2960
2961
2965
2969
2973
2974
2977
2981
2983
2988
2990
2991
2993
2995
2996
2997
2999
3001
3002
3003
3008
3011
3012
3013
3015
3017
3020
3022
3024
3025
3026
3027
3029
3031
3032
3036
3039
3040
3042
3043
3044
3045
3046
3053
3054
3055
3057
3060
3061
3069
3072
3073
3075
3076
3082
3083
3085
3086
3087
3088
3089
3090
3091
3092
3093
3094
3095
3098
3100
3102
3103
3106
3108
3110
3111
3113
3114
3115
3120
3121
3122
3123
3125
3127
3129
3130
3131
3133
3134
3136
3139
3140
3141
3143
3144
3146
3148
3149
3150
3151
3153
3154
3156
3158
3159
3161
3162
3163
3164
3168
3172
3174
3175
3176
3178
3180
3183
3187
3188
3194
3196
3202
3204
3205
3208
3210
3213
3214
3215
3216
3217
3218
3219
3221
3223
3228
3230
3232
3233
3234
3235
3238
3239
3242
3244
3249
3253
3254
3256
3257
3258
3260
3261
3263
3264
3267
3268
3270
3271
3273
3274
3276
3277
3278
3282
3283
3285
3286
3287
3289
3292
3294
3295
3296
3300
3301
3303
3304
3307
3309
3311
3312
3316
3317
3319
3320
3321
3323
3327
3330
3331
3332
3333
3335
3336
3339
3340
3341
3342
3343
3344
3345
3346
3348
3352
3353
3354
3359
3360
3361
3368
3369
3372
3374
3375
3376
3383
3386
3387
3391
3393
3396
3397
3406
3408
3411
3413
3414
3415
3416
3418
3419
3420
3422
3429
3431
3433
3435
3436
3437
3440
3442
3443
3444
3445
3446
3447
3448
3450
3456
3457
3459
3460
3464
3469
3470
3472
3473
3477
3478
3483
3484
3489
3490
3491
3493
3494
3495
3498
3499
3500
3501
3502
3503
3506
3508
3509
3511
3512
3514
3516
3517
3518
3519
3520
3522
3523
3524
3525
3526
3528
3529
3530
3532
3533
3537
3538
3540
3541
3542
3543
3547
3548
3549
3551
3554
3555
3556
3557
3558
3559
3562
3563
3567
3572
3573
3574
3575
3576
3579
3580
3583
3584
3588
3591
3592
3593
3595
3597
3599
3601
3602
3603
3604
3605
3607
3609
3610
3611
3612
3614
3617
3618
3619
3622
3627
3628
3629
3632
3635
3640
3641
3642
3644
3645
3647
3648
3649
3653
3654
3656
3662
3664
3667
3668
3670
3671
3672
3675
3677
3678
3680
3683
3684
3685
3687
3688
3690
3693
3694
3695
3697
3700
3704
3705
3706
3707
3709
3711
3712
3713
3714
3717
3719
3722
3726
3728
3732
3734
3735
3736
3738
3739
3740
3741
3742
3744
3745
3746
3747
3748
3750
3753
3755
3757
3758
3759
3760
3761
3765
3767
3768
3772
3774
3777
3778
3779
3780
3781
3782
3783
3784
3786
3787
3790
3792
3794
3796
3797
3805
3807
3811
3816
3818
3819
3820
3822
3824
3826
3829
3830
3831
3832
3834
3836
3838
3839
3840
3843
3845
3846
3851
3853
3854
3857
3858
3859
3863
3864
3865
3866
3867
3868
3870
3871
3872
3875
3876
3877
3881
3882
3883
3887
3890
3891
3892
3893
3894
3898
3899
3900
3901
3906
3907
3908
3909
3910
3912
3913
3916
3918
3919
3920
3921
3923
3924
3925
3926
3927
3929
3931
3934
3936
3938
3939
3941
3945
3946
3947
3949
3950
3954
3955
3956
3960
3961
3962
3965
3970
3971
3976
3979
3981
3982
3984
3985
3986
3988
3990
3992
3993
3995
3997
4000
4002
4004
4005
4008
4009
4011
4014
4015
4022
4024
4025
4026
4028
4030
4031
4032
4033
4034
4035
4038
4039
4040
4042
4045
4047
4048
4049
4051
4053
4055
4056
4057
4058
4061
4062
4064
4065
4066
4071
4073
4077
4079
4081
4083
4085
4086
4095
4097
4102
4104
4105
4109
4114
4117
4118
4119
4121
4122
4124
4126
4128
4131
4132
4134
4137
4138
4140
4141
4143
4145
4147
4149
4150
4153
4154
4155
4157
4158
4159
4160
4161
4162
4163
4164
4165
4167
4169
4171
4174
4175
4177
4180
4181
4183
4184
4188
4189
4191
4193
4196
4197
4199
4201
4204
4207
4209
4210
4211
4212
4213
4214
4215
4219
4223
4224
4225
4226
4227
4231
4236
4237
4245
4247
4248
4249
4250
4251
4252
4254
4255
4257
4260
4261
4262
4268
4271
4272
4273
4275
4276
4277
4279
4280
4281
4282
4283
4288
4289
4290
4292
4293
4300
4301
4302
4303
4305
4307
4309
4310
4316
4317
4320
4322
4323
4325
4329
4330
4333
4335
4337
4340
4341
4344
4346
4351
4352
4354
4356
4363
4369
4370
4375
4379
4380
4383
4385
4387
4390
4391
4392
4393
4396
4397
4401
4402
4403
4404
4409
4410
4411
4414
4417
4419
4420
4421
4422
4423
4424
4425
4426
4428
4431
4432
4434
4435
4436
4437
4440
4442
4443
4445
4447
4449
4454
4466
4467
4469
4471
4473
4476
4478
4479
4480
4484
4485
4491
4492
4496
4498
4499
4501
4503
4505
4508
4509
4510
4511
4512
4514
4515
4516
4518
4523
4525
4526
4528
4529
4530
4531
4535
4536
4537
4538
4539
4540
4543
4546
4547
4548
4549
4555
4558
4562
4567
4570
4571
4572
4573
4574
4575
4579
4580
4583
4587
4589
4590
4592
4594
4598
4600
4601
4603
4608
4610
4612
4614
4616
4620
4621
4622
4624
4626
4628
4629
4630
4631
4632
4636
4639
4641
4642
4645
4650
4655
4656
4657
4661
4662
4663
4665
4666
4671
4672
4674
4676
4678
4679
4683
4684
4687
4688
4690
4692
4694
4696
4698
4700
4701
4702
4706
4707
4709
4711
4712
4714
4722
4723
4725
4727
4730
4731
4732
4734
4736
4738
4743
4745
4746
4748
4749
4751
4754
4755
4757
4758
4759
4761
4762
4763
4765
4766
4767
4770
4771
4773
4775
4776
4778
4782
4783
4784
4785
4790
4793
4798
4799
4800
4801
4802
4803
4808
4812
4813
4814
4815
4816
4819
4820
4823
4824
4827
4828
4830
4831
4832
4833
4834
4835
4837
4841
4846
4848
4851
4852
4853
4855
4856
4858
4860
4861
4865
4866
4868
4869
4870
4873
4875
4876
4877
4878
4879
4880
4885
4886
4891
4893
4894
4895
4897
4899
4902
4906
4908
4909
4911
4915
4916
4919
4920
4921
4922
4923
4924
4926
4931
4934
4935
4937
4941
4942
4943
4944
4945
4946
4947
4949
4952
4955
4956
4957
4958
4960
4962
4963
4964
4965
4966
4967
4968
4969
4970
4971
4972
4973
4974
4975
4976
4977
4979
4983
4984
4987
4988
4989
4990
4994
4995
4997
4999
5001
5002
5004
5005
5006
5007
5008
5009
5011
5012
5013
5016
5017
5018
5019
5022
5024
5026
5027
5029
5030
5031
5032
5033
5034
5041
5043
5044
5046
5047
5048
5050
5052
5053
5054
5055
5059
5061
5063
5065
5066
5068
5069
5070
5075
5076
5077
5080
5081
5087
5088
5090
5091
5093
5096
5098
5099
5101
5104
5106
5109
5110
5111
5114
5115
5116
5118
5119
5120
5125
5126
5127
5129
5133
5137
5139
5143
5146
5148
5150
5151
5157
5158
5160
5161
5163
5165
5168
5169
5170
5173
5177
5179
5180
5181
5183
5185
5188
5192
5194
5196
5198
5200
5203
5205
5208
5209
5210
5211
5212
5213
5214
5216
5218
5219
5220
5222
5223
5227
5228
5229
5230
5231
5233
5234
5235
5236
5239
5243
5245
5248
5251
5254
5255
5257
5258
5261
5262
5264
5268
5270
5271
5273
5274
5281
5282
5284
5285
5288
5289
5290
5292
5293
5294
5300
5301
5304
5305
5310
5311
5312
5313
5315
5316
5319
5320
5322
5325
5326
5330
5331
5333
5336
5338
5339
5340
5344
5347
5349
5353
5354
5355
5356
5358
5360
5363
5368
5369
5371
5378
5380
5381
5383
5384
5385
5388
5389
5390
5391
5393
5399
5402
5407
5409
5410
5411
5414
5415
5420
5421
5422
5423
5424
5425
5426
5429
5430
5431
5432
5433
5434
5438
5439
5443
5445
5446
5448
5449
5450
5458
5459
5460
5464
5466
5467
5474
5475
5479
5480
5481
5482
5484
5485
5489
5490
5493
5495
5496
5497
5498
5501
5502
5503
5504
5505
5507
5508
5509
5511
5525
5527
5528
5529
5533
5534
5536
5537
5539
5540
5541
5545
5546
5548
5551
5553
5554
5556
5557
5558
5560
5562
5565
5567
5568
5569
5571
5573
5577
5578
5579
5580
5581
5583
5586
5588
5592
5593
5594
5598
5602
5606
5607
5608
5609
5611
5612
5613
5614
5616
5620
5624
5625
5629
5633
5634
5636
5637
5638
5639
5643
5644
5645
5646
5647
5648
5649
5651
5652
5653
5655
5656
5658
5659
5661
5663
5664
5668
5671
5673
5675
5677
5680
5682
5685
5687
5688
5691
5693
5695
5696
5698
5699
5701
5702
5704
5705
5707
5709
5710
5711
5713
5715
5717
5718
5720
5722
5724
5729
5733
5734
5736
5740
5741
5743
5744
5745
5746
5747
5748
5749
5750
5753
5755
5757
5761
5762
5764
5766
5767
5768
5769
5771
5773
5774
5775
5776
5778
5780
5781
5782
5784
5789
5790
5791
5792
5793
5794
5798
5800
5801
5803
5804
5809
5812
5813
5816
5822
5824
5825
5830
5831
5832
5834
5835
5836
5837
5842
5845
5846
5851
5852
5853
5855
5857
5861
5865
5866
5867
5868
5869
5870
5873
5875
5881
5882
5884
5888
5889
5892
5894
5898
5900
5902
5903
5905
5906
5907
5910
5911
5914
5916
5918
5919
5920
5922
5924
5928
5930
5931
5932
5933
5934
5938
5940
5941
5942
5943
5947
5949
5950
5951
5953
5956
5959
5961
5965
5973
5975
5979
5980
5981
5983
5984
5986
5989
5991
5992
5993
5995
5997
5999
6000
6002
6004
6005
6006
6007
6017
6019
6022
6023
6026
6028
6029
6032
6033
6034
6036
6041
6042
6043
6045
6046
6048
6053
6055
6059
6060
6062
6065
6071
6072
6073
6074
6077
6082
6083
6084
6085
6087
6089
6092
6093
6095
6096
6097
6099
6103
6110
6111
6112
6114
6117
6118
6119
6120
6121
6123
6126
6129
6130
6132
6133
6138
6139
6141
6144
6145
6151
6153
6154
6158
6159
6160
6161
6166
6168
6169
6172
6173
6174
6176
6177
6179
6180
6183
6185
6191
6193
6195
6196
6197
6199
6200
6202
6203
6204
6205
6208
6209
6212
6215
6216
6217
6224
6225
6226
6227
6228
6231
6233
6235
6237
6243
6248
6250
6251
6252
6254
6255
6256
6259
6260
6262
6264
6265
6266
6268
6272
6274
6278
6279
6280
6283
6284
6286
6287
6290
6291
6294
6295
6296
6297
6299
6300
6302
6304
6305
6307
6312
6316
6317
6318
6322
6323
6324
6325
6328
6329
6330
6331
6334
6335
6337
6342
6343
6344
6349
6354
6355
6363
6365
6366
6368
6374
6376
6379
6380
6381
6382
6384
6385
6386
6387
6388
6389
6392
6393
6397
6400
6401
6402
6404
6407
6408
6410
6413
6414
6415
6418
6421
6422
6424
6426
6428
6433
6435
6436
6437
6438
6439
6440
6442
6445
6447
6450
6452
6453
6457
6458
6460
6462
6465
6468
6473
6475
6477
6479
6481
6485
6487
6489
6492
6493
6495
6496
6497
6498
6499
6503
6507
6514
6515
6516
6517
6520
6521
6522
6524
6526
6527
6530
6532
6533
6534
6536
6538
6539
6540
6541
6543
6545
6551
6556
6558
6560
6566
6569
6570
6571
6572
6573
6577
6578
6582
6583
6584
6586
6588
6590
6592
6593
6594
6595
6602
6603
6604
6605
6608
6609
6611
6612
6614
6616
6619
6625
6626
6628
6631
6635
6637
6640
6641
6642
6643
6646
6647
6649
6650
6651
6652
6653
6654
6657
6658
6659
6662
6665
6666
6670
6671
6674
6675
6676
6679
6684
6687
6690
6691
6692
6693
6697
6698
6701
6704
6705
6706
6708
6710
6711
6715
6716
6718
6719
6721
6724
6726
6727
6728
6730
6731
6733
6742
6744
6746
6747
6750
6751
6752
6755
6756
6758
6759
6761
6762
6763
6767
6768
6769
6771
6772
6773
6775
6778
6780
6782
6785
6786
6787
6789
6790
6791
6792
6793
6794
6798
6799
6806
6812
6813
6814
6815
6816
6817
6818
6819
6820
6821
6823
6828
6829
6833
6834
6837
6838
6841
6842
6843
6845
6847
6849
6850
6853
6854
6857
6858
6861
6862
6863
6868
6869
6871
6874
6875
6876
6880
6881
6883
6884
6886
6887
6888
6889
6891
6892
6893
6895
6897
6899
6904
6908
6910
6912
6917
6918
6920
6921
6922
6925
6930
6931
6932
6933
6935
6938
6939
6940
6941
6942
6943
6945
6946
6947
6948
6950
6956
6958
6959
6961
6962
6963
6964
6965
6966
6967
6970
6971
6979
6982
6983
6985
6986
6988
6989
6990
6991
6994
6996
6998
7000
7004
7005
7006
7007
7008
7010
7012
7016
7019
7022
7025
7026
7027
7030
7033
7034
7036
7039
7041
7042
7044
7045
7049
7050
7051
7053
7056
7059
7060
7062
7063
7064
7065
7066
7068
7070
7071
7076
7077
7080
7083
7091
7092
7096
7097
7100
7102
7103
7110
7112
7114
7115
7119
7121
7123
7126
7127
7128
7129
7133
7137
7140
7148
7149
7151
7154
7155
7159
7161
7162
7163
7164
7168
7169
7172
7173
7174
7175
7176
7177
7179
7183
7184
7186
7187
7189
7191
7192
7194
7195
7196
7197
7198
7202
7203
7206
7207
7208
7209
7210
7211
7214
7215
7216
7220
7222
7224
7227
7229
7230
7231
7233
7235
7236
7237
7238
7240
7241
7244
7249
7251
7253
7255
7261
7268
7269
7272
7273
7274
7275
7278
7279
7280
7284
7285
7286
7292
7293
7295
7301
7304
7305
7307
7308
7309
7311
7312
7313
7314
7316
7321
7325
7328
7330
7332
7338
7341
7343
7345
7347
7348
7350
7353
7354
7355
7356
7357
7361
7364
7366
7367
7368
7369
7370
7372
7373
7374
7376
7377
7378
7382
7384
7385
7387
7390
7394
7397
7399
7401
7402
7405
7406
7408
7412
7415
7418
7422
7424
7428
7429
7432
7433
7434
7440
7443
7448
7449
7452
7457
7459
7462
7463
7464
7465
7468
7472
7473
7475
7476
7478
7479
7480
7482
7485
7490
7491
7492
7494
7501
7502
7505
7506
7507
7511
7512
7518
7521
7529
7530
7531
7534
7535
7536
7538
7539
7540
7542
7543
7545
7547
7549
7550
7551
7553
7556
7557
7558
7559
7561
7562
7564
7566
7567
7568
7569
7570
7571
7572
7573
7575
7576
7577
7579
7580
7581
7582
7583
7585
7586
7588
7590
7592
7594
7596
7599
7601
7603
7605
7607
7609
7611
7612
7613
7614
7615
7616
7618
7619
7620
7621
7623
7624
7627
7630
7631
7633
7634
7636
7638
7640
7641
7642
7643
7647
7648
7649
7654
7655
7657
7661
7663
7666
7672
7673
7676
7677
7678
7679
7681
7686
7690
7692
7694
7695
7698
7700
7702
7706
7707
7711
7712
7714
7715
7717
7718
7720
7722
7723
7726
7727
7728
7729
7732
7733
7737
7740
7745
7748
7749
7751
7752
7753
7759
7760
7761
7762
7763
7764
7766
7767
7768
7770
7771
7772
7778
7779
7780
7783
7784
7785
7787
7788
7789
7790
7791
7793
7795
7796
7797
7798
7799
7800
7805
7808
7811
7812
7815
7817
7818
7822
7824
7828
7829
7830
7835
7837
7839
7841
7843
7844
7849
7850
7852
7854
7855
7857
7862
7868
7869
7873
7874
7875
7877
7878
7881
7882
7883
7885
7886
7889
7890
7891
7893
7898
7899
7901
7903
7904
7908
7911
7914
7915
7916
7919
7922
7923
7924
7925
7926
7928
7931
7932
7933
7935
7937
7938
7940
7941
7944
7945
7948
7949
7951
7952
7953
7954
7957
7960
7962
7963
7966
7969
7971
7974
7977
7978
7980
7984
7986
7987
7988
7992
7993
7994
7996
7997
7998
8000
8002
8003
8005
8007
8009
8014
8019
8020
8022
8024
8026
8027
8029
8031
8032
8033
8036
8039
8040
8043
8044
8045
8048
8050
8054
8057
8058
8061
8062
8064
8065
8071
8072
8074
8075
8079
8082
8083
8085
8088
8090
8091
8099
8101
8102
8105
8107
8108
8110
8112
8113
8114
8116
8117
8118
8122
8123
8126
8129
8130
8132
8133
8139
8140
8144
8145
8146
8147
8148
8157
8158
8159
8160
8161
8168
8169
8172
8174
8175
8180
8182
8183
8184
8185
8187
